CNPJ;INSCRICAOESTADUAL;COD_IBGE;DT_OPE;VLR_CARTAO_CRED;VLR_CARTAO_DEB
00001649593007;0;4310330;10/01/2019;13.00;0.00
00001649593007;0;4310330;14/01/2019;360.01;0.00
00001649593007;0;4310330;16/01/2019;0.00;260.00
00001649593007;0;4310330;22/01/2019;525.00;260.00
00001649593007;0;4310330;24/01/2019;265.00;260.00
00001649593007;0;4310330;25/01/2019;320.00;0.00
00001649593007;0;4310330;28/01/2019;2255.00;0.00
00001932075089;0;4310330;01/01/2019;529.66;1474.98
00001932075089;0;4310330;02/01/2019;223.34;1659.40
00001932075089;0;4310330;03/01/2019;244.61;781.57
00001932075089;0;4310330;04/01/2019;560.12;1547.53
00001932075089;0;4310330;05/01/2019;1440.02;1195.15
00001932075089;0;4310330;06/01/2019;27.93;0.00
00001932075089;0;4310330;07/01/2019;700.53;813.51
00001932075089;0;4310330;08/01/2019;184.44;380.20
00001932075089;0;4310330;09/01/2019;126.84;317.91
00001932075089;0;4310330;10/01/2019;177.37;155.42
00001932075089;0;4310330;12/01/2019;179.43;458.79
00001932075089;0;4310330;13/01/2019;512.31;617.76
00001932075089;0;4310330;14/01/2019;64.98;455.44
00001932075089;0;4310330;15/01/2019;0.00;349.60
00001932075089;0;4310330;16/01/2019;734.67;52.00
00001932075089;0;4310330;17/01/2019;108.03;137.43
00001932075089;0;4310330;18/01/2019;105.28;149.18
00001932075089;0;4310330;19/01/2019;64.55;409.39
00001932075089;0;4310330;20/01/2019;249.34;783.45
00001932075089;0;4310330;21/01/2019;114.40;144.44
00001932075089;0;4310330;22/01/2019;223.95;68.73
00001932075089;0;4310330;23/01/2019;114.37;188.59
00001932075089;0;4310330;24/01/2019;325.57;33.28
00001932075089;0;4310330;25/01/2019;279.78;569.65
00001932075089;0;4310330;26/01/2019;118.69;279.72
00001932075089;0;4310330;27/01/2019;88.64;173.37
00001932075089;0;4310330;28/01/2019;0.00;200.00
00001932075089;0;4310330;29/01/2019;43.99;325.62
00001932075089;0;4310330;30/01/2019;55.54;198.32
00001932075089;0;4310330;31/01/2019;1473.84;950.68
00003803154081;0;4310330;03/01/2019;0.00;99.00
00003803154081;0;4310330;09/01/2019;0.00;100.00
00003803154081;0;4310330;30/01/2019;0.00;199.00
00028200993000;0;4310330;01/01/2019;91.04;454.32
00028200993000;0;4310330;02/01/2019;10.00;165.70
00028200993000;0;4310330;03/01/2019;74.45;101.50
00028200993000;0;4310330;04/01/2019;19.50;175.80
00028200993000;0;4310330;05/01/2019;40.00;206.59
00028200993000;0;4310330;06/01/2019;0.00;109.02
00028200993000;0;4310330;07/01/2019;17.00;264.55
00028200993000;0;4310330;08/01/2019;0.00;159.25
00028200993000;0;4310330;09/01/2019;0.00;203.05
00028200993000;0;4310330;10/01/2019;8.00;94.25
00028200993000;0;4310330;11/01/2019;0.00;136.60
00028200993000;0;4310330;12/01/2019;68.35;173.00
00028200993000;0;4310330;13/01/2019;56.35;380.37
00028200993000;0;4310330;14/01/2019;44.75;90.30
00028200993000;0;4310330;15/01/2019;5.50;87.85
00028200993000;0;4310330;16/01/2019;62.25;83.80
00028200993000;0;4310330;17/01/2019;8.45;83.75
00028200993000;0;4310330;18/01/2019;90.95;186.80
00028200993000;0;4310330;19/01/2019;14.50;181.55
00028200993000;0;4310330;20/01/2019;81.20;196.55
00028200993000;0;4310330;21/01/2019;16.85;91.00
00028200993000;0;4310330;22/01/2019;0.00;34.40
00028200993000;0;4310330;23/01/2019;0.00;14.50
00028200993000;0;4310330;24/01/2019;23.50;62.60
00028200993000;0;4310330;25/01/2019;10.00;9.00
00028200993000;0;4310330;26/01/2019;79.75;23.00
00028200993000;0;4310330;27/01/2019;17.00;77.40
00028200993000;0;4310330;28/01/2019;0.00;83.00
00028200993000;0;4310330;29/01/2019;22.45;48.95
00028200993000;0;4310330;30/01/2019;0.00;56.75
00028200993000;0;4310330;31/01/2019;0.00;148.25
00029429470809;0;4310330;03/01/2019;30.00;30.00
00029429470809;0;4310330;04/01/2019;90.00;163.00
00029429470809;0;4310330;05/01/2019;159.00;473.00
00029429470809;0;4310330;06/01/2019;92.00;36.00
00029429470809;0;4310330;08/01/2019;0.00;104.00
00029429470809;0;4310330;09/01/2019;0.00;50.00
00029429470809;0;4310330;11/01/2019;0.00;65.00
00029429470809;0;4310330;12/01/2019;40.00;356.00
00029429470809;0;4310330;13/01/2019;78.00;100.00
00029429470809;0;4310330;14/01/2019;115.01;28.00
00029429470809;0;4310330;15/01/2019;68.00;0.00
00029429470809;0;4310330;16/01/2019;62.00;67.50
00029429470809;0;4310330;17/01/2019;30.00;50.00
00029429470809;0;4310330;18/01/2019;77.00;0.00
00029429470809;0;4310330;19/01/2019;75.00;117.00
00029429470809;0;4310330;20/01/2019;75.00;100.00
00029429470809;0;4310330;21/01/2019;52.00;91.00
00029429470809;0;4310330;22/01/2019;0.00;127.00
00029429470809;0;4310330;24/01/2019;38.50;98.00
00029429470809;0;4310330;25/01/2019;88.00;56.00
00029429470809;0;4310330;26/01/2019;30.00;193.00
00029429470809;0;4310330;27/01/2019;0.00;127.00
00029429470809;0;4310330;28/01/2019;91.00;0.00
00029429470809;0;4310330;29/01/2019;0.00;64.00
00029429470809;0;4310330;30/01/2019;136.00;0.00
00029429470809;0;4310330;31/01/2019;57.00;45.00
00033733309049;0;4310330;04/01/2019;140.00;0.00
00039893324068;0;4310330;01/01/2019;37.00;447.00
00039893324068;0;4310330;02/01/2019;337.00;167.00
00039893324068;0;4310330;03/01/2019;21.00;12.00
00039893324068;0;4310330;05/01/2019;0.00;59.00
00039893324068;0;4310330;06/01/2019;0.00;87.00
00039893324068;0;4310330;07/01/2019;0.00;72.00
00039893324068;0;4310330;08/01/2019;0.00;118.00
00039893324068;0;4310330;10/01/2019;0.00;10.00
00039893324068;0;4310330;13/01/2019;67.00;166.00
00039893324068;0;4310330;14/01/2019;10.00;73.00
00039893324068;0;4310330;16/01/2019;21.00;20.00
00039893324068;0;4310330;18/01/2019;51.50;0.00
00039893324068;0;4310330;19/01/2019;65.00;0.00
00039893324068;0;4310330;20/01/2019;22.00;0.00
00039893324068;0;4310330;21/01/2019;0.00;18.00
00039893324068;0;4310330;22/01/2019;58.00;58.00
00039893324068;0;4310330;23/01/2019;29.00;15.00
00039893324068;0;4310330;25/01/2019;21.00;10.00
00039893324068;0;4310330;26/01/2019;78.00;296.00
00039893324068;0;4310330;27/01/2019;10.00;268.00
00039893324068;0;4310330;28/01/2019;23.00;32.00
00039893324068;0;4310330;30/01/2019;3.00;34.00
00049585894068;0;4310330;01/01/2019;447.00;20.00
00049585894068;0;4310330;02/01/2019;168.00;223.00
00049585894068;0;4310330;03/01/2019;45.00;82.00
00049585894068;0;4310330;04/01/2019;45.00;60.00
00049585894068;0;4310330;05/01/2019;40.00;129.00
00049585894068;0;4310330;06/01/2019;369.00;63.00
00049585894068;0;4310330;07/01/2019;73.00;280.00
00049585894068;0;4310330;08/01/2019;211.00;0.00
00049585894068;0;4310330;09/01/2019;28.00;86.00
00049585894068;0;4310330;10/01/2019;74.00;91.00
00049585894068;0;4310330;11/01/2019;93.00;108.00
00049585894068;0;4310330;12/01/2019;82.00;145.00
00049585894068;0;4310330;13/01/2019;111.00;108.00
00049585894068;0;4310330;14/01/2019;0.00;90.00
00049585894068;0;4310330;15/01/2019;38.00;16.00
00049585894068;0;4310330;16/01/2019;42.00;73.00
00049585894068;0;4310330;17/01/2019;0.00;66.00
00049585894068;0;4310330;18/01/2019;0.00;16.00
00049585894068;0;4310330;19/01/2019;20.00;63.00
00049585894068;0;4310330;20/01/2019;67.00;40.00
00049585894068;0;4310330;21/01/2019;0.00;64.00
00049585894068;0;4310330;22/01/2019;0.00;17.00
00049585894068;0;4310330;24/01/2019;39.00;203.00
00049585894068;0;4310330;25/01/2019;96.00;74.00
00049585894068;0;4310330;26/01/2019;124.00;88.00
00049585894068;0;4310330;27/01/2019;28.00;283.00
00049585894068;0;4310330;28/01/2019;70.00;108.00
00049585894068;0;4310330;30/01/2019;0.00;45.00
00049585894068;0;4310330;31/01/2019;0.00;125.00
00052547795000;0;4310330;01/01/2019;162.00;93.90
00052547795000;0;4310330;02/01/2019;0.00;20.00
00052547795000;0;4310330;04/01/2019;150.00;42.00
00052547795000;0;4310330;05/01/2019;0.00;10.00
00052547795000;0;4310330;06/01/2019;0.00;224.00
00052547795000;0;4310330;07/01/2019;0.00;130.50
00052547795000;0;4310330;08/01/2019;0.00;383.00
00052547795000;0;4310330;10/01/2019;120.00;0.00
00052547795000;0;4310330;11/01/2019;0.00;45.00
00052547795000;0;4310330;12/01/2019;0.00;10.00
00052547795000;0;4310330;14/01/2019;60.00;290.00
00052547795000;0;4310330;16/01/2019;250.00;120.00
00052547795000;0;4310330;18/01/2019;17.50;0.00
00052547795000;0;4310330;23/01/2019;0.00;12.00
00052547795000;0;4310330;24/01/2019;0.00;160.00
00052547795000;0;4310330;26/01/2019;0.00;150.00
00052547795000;0;4310330;27/01/2019;91.90;169.90
00052547795000;0;4310330;28/01/2019;180.00;45.00
00052547795000;0;4310330;29/01/2019;180.00;155.00
00052547795000;0;4310330;31/01/2019;300.00;150.00
00066263654015;0;4310330;05/01/2019;0.00;14.00
00066263654015;0;4310330;07/01/2019;0.00;39.00
00066263654015;0;4310330;08/01/2019;140.00;0.00
00066263654015;0;4310330;13/01/2019;102.00;0.00
00066263654015;0;4310330;14/01/2019;0.00;35.00
00066263654015;0;4310330;17/01/2019;0.00;83.00
00066263654015;0;4310330;18/01/2019;64.00;54.00
00066263654015;0;4310330;20/01/2019;60.00;0.00
00066263654015;0;4310330;22/01/2019;42.00;0.00
00066263654015;0;4310330;25/01/2019;0.00;28.00
00066263654015;0;4310330;29/01/2019;128.00;0.00
00081488246068;0;4310330;10/01/2019;0.00;50.00
00090389549053;0;4310330;01/01/2019;199.00;348.00
00090389549053;0;4310330;02/01/2019;0.00;159.00
00090389549053;0;4310330;03/01/2019;41.00;148.00
00090389549053;0;4310330;04/01/2019;38.00;123.00
00090389549053;0;4310330;05/01/2019;38.00;127.00
00090389549053;0;4310330;06/01/2019;8.00;20.00
00090389549053;0;4310330;07/01/2019;0.00;60.00
00090389549053;0;4310330;08/01/2019;0.00;71.00
00090389549053;0;4310330;09/01/2019;8.00;128.00
00090389549053;0;4310330;10/01/2019;8.00;12.00
00090389549053;0;4310330;11/01/2019;16.00;6.00
00090389549053;0;4310330;12/01/2019;132.00;185.12
00090389549053;0;4310330;13/01/2019;82.00;128.00
00090389549053;0;4310330;14/01/2019;42.00;40.00
00090389549053;0;4310330;15/01/2019;0.00;6.00
00090389549053;0;4310330;16/01/2019;28.00;71.00
00090389549053;0;4310330;17/01/2019;17.00;92.00
00090389549053;0;4310330;18/01/2019;40.00;24.00
00090389549053;0;4310330;19/01/2019;112.00;73.00
00090389549053;0;4310330;20/01/2019;40.00;177.00
00090389549053;0;4310330;21/01/2019;48.00;0.00
00090389549053;0;4310330;22/01/2019;48.00;82.00
00090389549053;0;4310330;23/01/2019;20.00;96.00
00090389549053;0;4310330;24/01/2019;59.00;24.00
00090389549053;0;4310330;25/01/2019;0.00;120.00
00090389549053;0;4310330;26/01/2019;36.00;92.00
00090389549053;0;4310330;27/01/2019;36.00;157.00
00090389549053;0;4310330;28/01/2019;54.00;117.00
00090389549053;0;4310330;29/01/2019;63.00;12.00
00090389549053;0;4310330;30/01/2019;32.00;112.00
00090389549053;0;4310330;31/01/2019;20.00;24.00
00095525726068;0;4310330;02/01/2019;130.00;325.00
00095525726068;0;4310330;28/01/2019;50.00;0.00
00099750805020;0;4310330;01/01/2019;1099.40;1644.60
00099750805020;0;4310330;02/01/2019;379.90;604.80
00099750805020;0;4310330;03/01/2019;614.90;509.80
00099750805020;0;4310330;04/01/2019;618.70;849.60
00099750805020;0;4310330;05/01/2019;339.60;918.10
00099750805020;0;4310330;06/01/2019;449.90;190.00
00099750805020;0;4310330;07/01/2019;319.80;299.80
00099750805020;0;4310330;08/01/2019;144.90;589.30
00099750805020;0;4310330;09/01/2019;179.60;274.90
00099750805020;0;4310330;10/01/2019;367.80;424.90
00099750805020;0;4310330;11/01/2019;300.00;195.00
00099750805020;0;4310330;12/01/2019;415.00;704.70
00099750805020;0;4310330;13/01/2019;70.00;20.00
00099750805020;0;4310330;14/01/2019;84.90;54.90
00099750805020;0;4310330;15/01/2019;39.90;40.00
00099750805020;0;4310330;16/01/2019;249.70;290.00
00099750805020;0;4310330;17/01/2019;234.80;299.80
00099750805020;0;4310330;18/01/2019;520.00;220.00
00099750805020;0;4310330;19/01/2019;99.90;194.70
00099750805020;0;4310330;20/01/2019;160.00;425.00
00099750805020;0;4310330;21/01/2019;369.90;365.00
00099750805020;0;4310330;22/01/2019;109.90;40.00
00099750805020;0;4310330;23/01/2019;100.00;150.00
00099750805020;0;4310330;24/01/2019;39.90;75.00
00099750805020;0;4310330;25/01/2019;0.00;125.00
00099750805020;0;4310330;26/01/2019;260.00;669.90
00099750805020;0;4310330;27/01/2019;285.00;364.90
00099750805020;0;4310330;28/01/2019;314.80;160.00
00099750805020;0;4310330;30/01/2019;249.80;125.00
00099750805020;0;4310330;31/01/2019;234.00;225.00
10801841000151;0;4310330;01/01/2019;2447.50;3077.00
10801841000151;0;4310330;02/01/2019;814.00;880.00
10801841000151;0;4310330;03/01/2019;1345.00;549.00
10801841000151;0;4310330;04/01/2019;621.00;1310.00
10801841000151;0;4310330;05/01/2019;654.00;1300.50
10801841000151;0;4310330;06/01/2019;936.00;2049.50
10801841000151;0;4310330;07/01/2019;161.00;1051.00
10801841000151;0;4310330;08/01/2019;253.00;0.00
10801841000151;0;4310330;09/01/2019;227.00;252.00
10801841000151;0;4310330;10/01/2019;1023.00;709.00
10801841000151;0;4310330;11/01/2019;557.00;407.00
10801841000151;0;4310330;12/01/2019;1676.50;1200.00
10801841000151;0;4310330;13/01/2019;1375.00;1525.52
10801841000151;0;4310330;14/01/2019;154.00;272.01
10801841000151;0;4310330;15/01/2019;718.00;196.01
10801841000151;0;4310330;16/01/2019;294.00;169.00
10801841000151;0;4310330;17/01/2019;739.00;328.00
10801841000151;0;4310330;18/01/2019;103.00;98.00
10801841000151;0;4310330;19/01/2019;147.00;747.50
10801841000151;0;4310330;20/01/2019;2423.00;2776.00
10801841000151;0;4310330;21/01/2019;548.50;378.00
10801841000151;0;4310330;22/01/2019;459.00;561.00
10801841000151;0;4310330;23/01/2019;164.00;353.50
10801841000151;0;4310330;24/01/2019;49.00;589.00
10801841000151;0;4310330;25/01/2019;673.50;751.50
10801841000151;0;4310330;26/01/2019;1161.00;1570.50
10801841000151;0;4310330;27/01/2019;1892.00;2473.50
10801841000151;0;4310330;28/01/2019;614.00;478.00
10801841000151;0;4310330;29/01/2019;416.00;561.00
10801841000151;0;4310330;30/01/2019;405.00;204.00
10801841000151;0;4310330;31/01/2019;106.00;590.50
11877898000105;0;4310330;02/01/2019;341.00;1204.00
11877898000105;0;4310330;04/01/2019;800.00;417.00
11877898000105;0;4310330;09/01/2019;2516.00;345.00
11877898000105;0;4310330;10/01/2019;1050.00;0.00
11877898000105;0;4310330;11/01/2019;775.00;600.00
11877898000105;0;4310330;12/01/2019;3557.00;123.00
11877898000105;0;4310330;14/01/2019;40.00;100.00
11877898000105;0;4310330;15/01/2019;0.00;30.00
11877898000105;0;4310330;16/01/2019;1492.00;260.00
11877898000105;0;4310330;17/01/2019;345.00;0.00
11877898000105;0;4310330;18/01/2019;756.00;400.00
11877898000105;0;4310330;19/01/2019;1871.00;0.00
11877898000105;0;4310330;21/01/2019;1060.00;0.00
11877898000105;0;4310330;24/01/2019;760.00;50.00
11877898000105;0;4310330;25/01/2019;680.00;0.00
11877898000105;0;4310330;29/01/2019;0.00;1370.00
11877898000105;0;4310330;30/01/2019;1661.00;600.00
11877898000105;0;4310330;31/01/2019;0.00;25.00
13752560000144;0;4310330;01/01/2019;207.50;246.00
13752560000144;0;4310330;02/01/2019;209.30;339.80
13752560000144;0;4310330;03/01/2019;253.00;371.40
13752560000144;0;4310330;04/01/2019;56.83;348.20
13752560000144;0;4310330;05/01/2019;54.00;751.68
13752560000144;0;4310330;06/01/2019;236.80;713.85
13752560000144;0;4310330;07/01/2019;0.00;118.90
13752560000144;0;4310330;08/01/2019;49.00;224.00
13752560000144;0;4310330;09/01/2019;148.61;650.80
13752560000144;0;4310330;10/01/2019;162.11;57.50
13752560000144;0;4310330;11/01/2019;50.50;214.14
13752560000144;0;4310330;12/01/2019;19.90;33.00
13752560000144;0;4310330;13/01/2019;137.00;220.50
13752560000144;0;4310330;14/01/2019;49.00;419.50
13752560000144;0;4310330;16/01/2019;38.00;21.50
13752560000144;0;4310330;17/01/2019;85.50;0.00
13752560000144;0;4310330;18/01/2019;44.00;44.00
13752560000144;0;4310330;19/01/2019;116.00;205.50
13752560000144;0;4310330;20/01/2019;24.90;124.90
13752560000144;0;4310330;21/01/2019;0.00;51.50
13752560000144;0;4310330;24/01/2019;24.90;103.00
13752560000144;0;4310330;27/01/2019;21.00;0.00
13752560000144;0;4310330;30/01/2019;55.00;232.00
13752560000144;0;4310330;31/01/2019;103.75;258.75
19547247000150;0;4310330;01/01/2019;0.00;23.00
19547247000150;0;4310330;02/01/2019;221.70;0.00
19547247000150;0;4310330;03/01/2019;64.50;319.80
19547247000150;0;4310330;04/01/2019;457.00;137.60
19547247000150;0;4310330;05/01/2019;189.00;395.60
19547247000150;0;4310330;06/01/2019;143.30;0.00
19547247000150;0;4310330;07/01/2019;74.60;0.00
19547247000150;0;4310330;08/01/2019;35.00;175.00
19547247000150;0;4310330;09/01/2019;53.00;156.40
19547247000150;0;4310330;10/01/2019;35.00;60.90
19547247000150;0;4310330;11/01/2019;465.70;93.60
19547247000150;0;4310330;12/01/2019;60.00;224.50
19547247000150;0;4310330;14/01/2019;80.00;28.90
19547247000150;0;4310330;15/01/2019;35.00;35.00
19547247000150;0;4310330;19/01/2019;147.00;0.00
19547247000150;0;4310330;21/01/2019;100.00;31.80
19547247000150;0;4310330;22/01/2019;160.00;35.00
19547247000150;0;4310330;23/01/2019;0.00;35.00
19547247000150;0;4310330;24/01/2019;60.00;135.00
19547247000150;0;4310330;25/01/2019;234.00;103.70
19547247000150;0;4310330;26/01/2019;98.40;159.70
23164913000149;0;4310330;04/01/2019;310.00;0.00
23164913000149;0;4310330;05/01/2019;0.00;250.00
23164913000149;0;4310330;09/01/2019;290.00;0.00
23164913000149;0;4310330;11/01/2019;0.00;1000.00
23164913000149;0;4310330;14/01/2019;220.00;0.00
23164913000149;0;4310330;15/01/2019;220.00;0.00
23164913000149;0;4310330;18/01/2019;570.00;0.00
23164913000149;0;4310330;19/01/2019;100.00;0.00
23164913000149;0;4310330;22/01/2019;0.00;390.00
23164913000149;0;4310330;23/01/2019;270.00;0.00
23164913000149;0;4310330;25/01/2019;490.00;0.00
23164913000149;0;4310330;26/01/2019;750.00;0.00
23164913000149;0;4310330;28/01/2019;220.00;0.00
23706916000167;0;4321600;04/01/2019;0.00;1350.00
23706916000167;0;4321600;09/01/2019;475.00;475.00
23706916000167;0;4321600;10/01/2019;620.00;415.00
23706916000167;0;4321600;11/01/2019;70.00;560.00
23706916000167;0;4321600;12/01/2019;190.00;120.00
23706916000167;0;4321600;14/01/2019;100.00;0.00
23706916000167;0;4321600;15/01/2019;40.00;145.00
23706916000167;0;4321600;18/01/2019;0.00;450.00
23706916000167;0;4321600;19/01/2019;550.00;0.00
23706916000167;0;4321600;22/01/2019;550.00;450.00
23706916000167;0;4321600;29/01/2019;0.00;360.00
23950636000108;0;4310330;01/01/2019;248.80;0.00
23950636000108;0;4310330;02/01/2019;345.60;0.00
23950636000108;0;4310330;03/01/2019;292.31;0.00
23950636000108;0;4310330;04/01/2019;168.15;0.00
23950636000108;0;4310330;05/01/2019;88.10;0.00
23950636000108;0;4310330;06/01/2019;164.90;0.00
23950636000108;0;4310330;07/01/2019;264.30;0.00
23950636000108;0;4310330;08/01/2019;588.40;0.00
23950636000108;0;4310330;09/01/2019;336.30;0.00
23950636000108;0;4310330;10/01/2019;389.80;0.00
23950636000108;0;4310330;11/01/2019;286.65;0.00
23950636000108;0;4310330;12/01/2019;175.20;0.00
23950636000108;0;4310330;13/01/2019;70.80;0.00
23950636000108;0;4310330;14/01/2019;246.50;0.00
23950636000108;0;4310330;15/01/2019;317.55;0.00
23950636000108;0;4310330;16/01/2019;150.00;0.00
23950636000108;0;4310330;17/01/2019;117.50;0.00
23950636000108;0;4310330;18/01/2019;343.60;0.00
23950636000108;0;4310330;19/01/2019;243.70;0.00
23950636000108;0;4310330;20/01/2019;76.30;0.00
23950636000108;0;4310330;21/01/2019;224.50;0.00
23950636000108;0;4310330;22/01/2019;62.00;0.00
23950636000108;0;4310330;23/01/2019;254.50;0.00
23950636000108;0;4310330;24/01/2019;212.00;0.00
23950636000108;0;4310330;25/01/2019;407.00;31.50
23950636000108;0;4310330;26/01/2019;234.50;0.00
23950636000108;0;4310330;27/01/2019;157.90;0.00
23950636000108;0;4310330;28/01/2019;100.90;0.00
23950636000108;0;4310330;29/01/2019;37.50;16.80
23950636000108;0;4310330;30/01/2019;217.60;0.00
23950636000108;0;4310330;31/01/2019;13.50;0.00
24447677000130;0;4310330;02/01/2019;380.00;100.00
24447677000130;0;4310330;03/01/2019;0.00;235.00
24447677000130;0;4310330;04/01/2019;0.00;245.00
24447677000130;0;4310330;07/01/2019;360.00;520.00
24447677000130;0;4310330;08/01/2019;90.00;0.00
24447677000130;0;4310330;09/01/2019;0.00;450.00
24447677000130;0;4310330;10/01/2019;90.00;0.00
24447677000130;0;4310330;11/01/2019;0.00;20.00
24447677000130;0;4310330;12/01/2019;20.00;20.00
24447677000130;0;4310330;14/01/2019;340.00;90.00
24447677000130;0;4310330;15/01/2019;90.00;70.00
24447677000130;0;4310330;16/01/2019;90.00;90.00
24447677000130;0;4310330;21/01/2019;160.00;180.00
24447677000130;0;4310330;22/01/2019;90.00;360.00
24447677000130;0;4310330;23/01/2019;94.00;0.00
24447677000130;0;4310330;24/01/2019;0.00;199.00
24447677000130;0;4310330;29/01/2019;289.00;0.00
24447677000130;0;4310330;30/01/2019;180.00;90.00
24447677000130;0;4310330;31/01/2019;20.00;147.00
24715339000132;0;4310330;03/01/2019;0.00;30.00
24715339000132;0;4310330;04/01/2019;10.00;223.00
24715339000132;0;4310330;05/01/2019;2054.00;2920.00
24715339000132;0;4310330;06/01/2019;1712.00;2008.00
24715339000132;0;4310330;07/01/2019;0.00;14.00
24715339000132;0;4310330;10/01/2019;102.00;70.00
24715339000132;0;4310330;11/01/2019;10.00;0.00
24715339000132;0;4310330;12/01/2019;2371.00;2444.00
24715339000132;0;4310330;13/01/2019;1793.00;2651.00
24715339000132;0;4310330;14/01/2019;40.00;13.00
24715339000132;0;4310330;17/01/2019;18.00;20.00
24715339000132;0;4310330;18/01/2019;70.00;0.00
24715339000132;0;4310330;19/01/2019;1798.00;3717.00
24715339000132;0;4310330;20/01/2019;1635.00;1892.25
24715339000132;0;4310330;21/01/2019;0.00;35.00
24715339000132;0;4310330;25/01/2019;10.00;0.00
24715339000132;0;4310330;26/01/2019;416.00;165.00
24922763000158;0;4310330;01/01/2019;476.00;1181.00
24922763000158;0;4310330;02/01/2019;493.00;816.00
24922763000158;0;4310330;03/01/2019;33.00;403.00
24922763000158;0;4310330;04/01/2019;155.00;377.50
24922763000158;0;4310330;05/01/2019;304.50;575.00
24922763000158;0;4310330;06/01/2019;163.00;735.00
24922763000158;0;4310330;07/01/2019;71.00;231.00
24922763000158;0;4310330;08/01/2019;92.00;165.00
24922763000158;0;4310330;09/01/2019;255.00;356.00
24922763000158;0;4310330;10/01/2019;33.00;145.00
24922763000158;0;4310330;11/01/2019;151.00;297.00
24922763000158;0;4310330;12/01/2019;55.00;245.00
24922763000158;0;4310330;13/01/2019;425.50;531.50
24922763000158;0;4310330;14/01/2019;58.00;109.00
24922763000158;0;4310330;15/01/2019;52.00;145.00
24922763000158;0;4310330;18/01/2019;19.01;107.00
24922763000158;0;4310330;19/01/2019;126.00;185.00
24922763000158;0;4310330;20/01/2019;182.00;433.00
24922763000158;0;4310330;21/01/2019;45.00;58.00
24922763000158;0;4310330;22/01/2019;42.00;203.00
24922763000158;0;4310330;23/01/2019;76.00;188.00
24922763000158;0;4310330;24/01/2019;23.00;145.00
24922763000158;0;4310330;25/01/2019;281.00;347.00
24922763000158;0;4310330;26/01/2019;568.00;802.00
24922763000158;0;4310330;27/01/2019;464.00;845.00
24922763000158;0;4310330;28/01/2019;137.00;364.00
24922763000158;0;4310330;29/01/2019;0.00;170.00
24922763000158;0;4310330;30/01/2019;94.00;90.00
24922763000158;0;4310330;31/01/2019;38.00;0.00
26252442000119;0;4310330;21/01/2019;0.00;2.00
27722711000126;0;4310330;02/01/2019;70.00;0.00
27722711000126;0;4310330;03/01/2019;250.00;70.00
27722711000126;0;4310330;06/01/2019;240.00;70.00
27722711000126;0;4310330;07/01/2019;80.00;0.00
27722711000126;0;4310330;08/01/2019;70.00;0.00
27722711000126;0;4310330;11/01/2019;0.00;70.00
27722711000126;0;4310330;14/01/2019;0.00;320.00
27722711000126;0;4310330;15/01/2019;120.00;150.00
27722711000126;0;4310330;16/01/2019;860.00;0.00
27722711000126;0;4310330;17/01/2019;0.00;90.00
27722711000126;0;4310330;20/01/2019;70.00;0.00
27722711000126;0;4310330;23/01/2019;0.00;150.00
27722711000126;0;4310330;27/01/2019;80.00;0.00
27722711000126;0;4310330;28/01/2019;80.00;0.00
29332316000162;0;4310330;01/01/2019;485.40;952.25
29332316000162;0;4310330;02/01/2019;167.22;190.70
29332316000162;0;4310330;03/01/2019;95.65;205.68
29332316000162;0;4310330;04/01/2019;0.00;117.70
29332316000162;0;4310330;05/01/2019;260.44;223.81
29332316000162;0;4310330;06/01/2019;95.50;239.14
29332316000162;0;4310330;07/01/2019;41.90;258.50
29332316000162;0;4310330;08/01/2019;0.00;129.00
29332316000162;0;4310330;09/01/2019;37.50;108.72
29332316000162;0;4310330;10/01/2019;157.37;153.90
29332316000162;0;4310330;11/01/2019;54.55;57.50
29332316000162;0;4310330;12/01/2019;229.00;187.82
29332316000162;0;4310330;13/01/2019;144.00;159.95
29332316000162;0;4310330;14/01/2019;102.19;147.91
29332316000162;0;4310330;15/01/2019;354.53;208.28
29332316000162;0;4310330;16/01/2019;98.50;105.39
29332316000162;0;4310330;17/01/2019;100.25;58.52
29332316000162;0;4310330;18/01/2019;16.50;132.85
29332316000162;0;4310330;19/01/2019;76.60;317.34
29332316000162;0;4310330;20/01/2019;20.00;462.18
29332316000162;0;4310330;21/01/2019;82.50;172.19
29332316000162;0;4310330;22/01/2019;95.00;142.30
29332316000162;0;4310330;23/01/2019;47.50;64.00
29332316000162;0;4310330;24/01/2019;25.20;100.50
29332316000162;0;4310330;25/01/2019;65.00;30.00
29332316000162;0;4310330;26/01/2019;141.75;290.40
29332316000162;0;4310330;27/01/2019;168.54;485.65
29332316000162;0;4310330;28/01/2019;101.56;181.44
29332316000162;0;4310330;29/01/2019;31.00;136.77
29332316000162;0;4310330;30/01/2019;93.30;81.50
29332316000162;0;4310330;31/01/2019;56.00;156.89
30291129000167;0;4310330;02/01/2019;24.93;0.00
30291129000167;0;4310330;04/01/2019;7.67;0.00
30291129000167;0;4310330;05/01/2019;86.00;0.00
30291129000167;0;4310330;07/01/2019;85.55;0.00
30291129000167;0;4310330;08/01/2019;76.62;0.00
30291129000167;0;4310330;10/01/2019;63.53;0.00
30291129000167;0;4310330;11/01/2019;64.19;0.00
30291129000167;0;4310330;12/01/2019;25.00;0.00
30291129000167;0;4310330;14/01/2019;38.00;0.00
30291129000167;0;4310330;15/01/2019;47.50;0.00
30291129000167;0;4310330;16/01/2019;14.00;8.00
30291129000167;0;4310330;17/01/2019;13.00;0.00
30291129000167;0;4310330;18/01/2019;14.00;0.00
30291129000167;0;4310330;19/01/2019;15.30;29.00
30291129000167;0;4310330;21/01/2019;6.00;0.00
30291129000167;0;4310330;22/01/2019;12.00;0.00
30291129000167;0;4310330;23/01/2019;52.00;0.00
30291129000167;0;4310330;24/01/2019;20.43;0.00
30291129000167;0;4310330;26/01/2019;45.00;0.00
30291129000167;0;4310330;27/01/2019;23.05;0.00
30291129000167;0;4310330;28/01/2019;12.00;0.00
30291129000167;0;4310330;30/01/2019;100.75;0.00
30291129000167;0;4310330;31/01/2019;6.00;0.00
31473469000171;0;4310330;02/01/2019;29.00;153.00
31473469000171;0;4310330;03/01/2019;73.00;13.00
31473469000171;0;4310330;04/01/2019;28.00;121.00
31473469000171;0;4310330;05/01/2019;108.00;200.00
31473469000171;0;4310330;06/01/2019;29.00;171.00
31473469000171;0;4310330;07/01/2019;0.00;42.00
31473469000171;0;4310330;08/01/2019;78.00;0.00
31473469000171;0;4310330;09/01/2019;36.00;141.00
31473469000171;0;4310330;11/01/2019;0.01;213.00
31473469000171;0;4310330;12/01/2019;63.00;174.00
31473469000171;0;4310330;13/01/2019;196.00;80.00
31473469000171;0;4310330;14/01/2019;0.00;31.00
31473469000171;0;4310330;15/01/2019;73.00;89.00
31473469000171;0;4310330;16/01/2019;175.00;125.00
31473469000171;0;4310330;17/01/2019;26.00;0.00
31473469000171;0;4310330;19/01/2019;0.00;31.00
31473469000171;0;4310330;20/01/2019;1182.00;320.00
31473469000171;0;4310330;21/01/2019;49.00;137.00
31473469000171;0;4310330;22/01/2019;20.00;78.00
31473469000171;0;4310330;23/01/2019;40.00;0.00
31473469000171;0;4310330;24/01/2019;66.00;59.00
31473469000171;0;4310330;25/01/2019;24.00;83.00
31473469000171;0;4310330;26/01/2019;78.00;241.16
31473469000171;0;4310330;27/01/2019;25.00;376.50
31473469000171;0;4310330;28/01/2019;0.00;182.00
31473469000171;0;4310330;29/01/2019;85.00;49.00
31473469000171;0;4310330;30/01/2019;84.00;102.00
31473469000171;0;4310330;31/01/2019;0.00;8.00
92802784030420;0;4310330;16/01/2019;997.59;0.00
14276055000133;240496930;4304606;02/01/2019;136.50;330.60
14276055000133;240496930;4304606;03/01/2019;235.80;125.90
14276055000133;240496930;4304606;04/01/2019;28.90;346.10
14276055000133;240496930;4304606;05/01/2019;56.00;402.40
14276055000133;240496930;4304606;06/01/2019;261.70;199.40
14276055000133;240496930;4304606;07/01/2019;142.35;313.70
14276055000133;240496930;4304606;08/01/2019;160.30;197.20
14276055000133;240496930;4304606;09/01/2019;49.80;88.90
14276055000133;240496930;4304606;10/01/2019;40.00;212.00
14276055000133;240496930;4304606;11/01/2019;55.80;202.70
14276055000133;240496930;4304606;12/01/2019;37.00;356.70
14276055000133;240496930;4304606;13/01/2019;141.00;120.30
14276055000133;240496930;4304606;14/01/2019;57.40;87.70
14276055000133;240496930;4304606;15/01/2019;98.70;191.40
14276055000133;240496930;4304606;16/01/2019;39.00;137.80
14276055000133;240496930;4304606;17/01/2019;140.90;0.00
14276055000133;240496930;4304606;18/01/2019;107.70;161.00
14276055000133;240496930;4304606;19/01/2019;212.70;263.00
14276055000133;240496930;4304606;20/01/2019;46.00;274.10
14276055000133;240496930;4304606;21/01/2019;0.00;186.60
14276055000133;240496930;4304606;22/01/2019;30.00;100.90
14276055000133;240496930;4304606;23/01/2019;44.90;136.60
14276055000133;240496930;4304606;24/01/2019;86.90;95.00
14276055000133;240496930;4304606;25/01/2019;210.40;208.60
14276055000133;240496930;4304606;26/01/2019;275.60;282.90
14276055000133;240496930;4304606;27/01/2019;255.90;195.00
14276055000133;240496930;4304606;28/01/2019;70.80;63.00
14276055000133;240496930;4304606;29/01/2019;272.60;138.60
14276055000133;240496930;4304606;30/01/2019;33.00;219.50
14276055000133;240496930;4304606;31/01/2019;40.50;60.00
12683295000127;570286999;4310330;03/01/2019;54.30;62.74
12683295000127;570286999;4310330;04/01/2019;0.00;139.99
12683295000127;570286999;4310330;05/01/2019;20.68;73.80
12683295000127;570286999;4310330;06/01/2019;31.50;49.35
12683295000127;570286999;4310330;08/01/2019;42.18;99.34
12683295000127;570286999;4310330;10/01/2019;0.00;49.99
12683295000127;570286999;4310330;11/01/2019;12.00;43.05
12683295000127;570286999;4310330;12/01/2019;234.40;56.16
12683295000127;570286999;4310330;13/01/2019;36.00;25.98
12683295000127;570286999;4310330;15/01/2019;0.00;49.81
12683295000127;570286999;4310330;16/01/2019;10.78;29.14
12683295000127;570286999;4310330;17/01/2019;27.50;0.00
12683295000127;570286999;4310330;18/01/2019;42.25;29.88
12683295000127;570286999;4310330;19/01/2019;119.99;67.40
12683295000127;570286999;4310330;20/01/2019;31.00;76.15
12683295000127;570286999;4310330;22/01/2019;15.00;30.99
12683295000127;570286999;4310330;23/01/2019;77.11;92.30
12683295000127;570286999;4310330;24/01/2019;20.00;57.45
12683295000127;570286999;4310330;25/01/2019;44.21;19.00
12683295000127;570286999;4310330;26/01/2019;40.55;38.00
12683295000127;570286999;4310330;27/01/2019;0.00;73.44
12683295000127;570286999;4310330;31/01/2019;0.00;45.00
16952349000244;1440111860;4310330;01/01/2019;905.45;1729.10
16952349000244;1440111860;4310330;02/01/2019;2083.80;1973.40
16952349000244;1440111860;4310330;03/01/2019;1409.20;1551.10
16952349000244;1440111860;4310330;04/01/2019;1416.10;2188.20
16952349000244;1440111860;4310330;05/01/2019;1705.30;1787.35
16952349000244;1440111860;4310330;06/01/2019;634.10;1069.10
16952349000244;1440111860;4310330;08/01/2019;735.20;1620.40
16952349000244;1440111860;4310330;09/01/2019;1178.10;1438.70
16952349000244;1440111860;4310330;10/01/2019;962.60;730.40
16952349000244;1440111860;4310330;11/01/2019;855.30;1760.50
16952349000244;1440111860;4310330;12/01/2019;1441.50;2303.80
16952349000244;1440111860;4310330;13/01/2019;908.80;1794.00
16952349000244;1440111860;4310330;14/01/2019;54.00;0.00
16952349000244;1440111860;4310330;15/01/2019;784.90;1578.40
16952349000244;1440111860;4310330;16/01/2019;946.00;1601.00
16952349000244;1440111860;4310330;17/01/2019;1187.00;1138.00
16952349000244;1440111860;4310330;18/01/2019;1257.50;993.70
16952349000244;1440111860;4310330;19/01/2019;1679.05;1758.45
16952349000244;1440111860;4310330;20/01/2019;970.00;1020.90
16952349000244;1440111860;4310330;21/01/2019;35.00;51.00
16952349000244;1440111860;4310330;23/01/2019;539.80;968.00
16952349000244;1440111860;4310330;24/01/2019;1006.60;761.10
16952349000244;1440111860;4310330;25/01/2019;1217.00;1850.90
16952349000244;1440111860;4310330;26/01/2019;1278.20;2271.20
16952349000244;1440111860;4310330;27/01/2019;994.30;1044.40
16952349000244;1440111860;4310330;29/01/2019;615.10;445.30
16952349000244;1440111860;4310330;30/01/2019;749.80;589.30
16952349000244;1440111860;4310330;31/01/2019;298.00;384.70
88147459000163;1450121001;4321600;01/01/2019;273.43;570.81
88147459000163;1450121001;4321600;02/01/2019;466.85;943.55
88147459000163;1450121001;4321600;03/01/2019;146.26;538.57
88147459000163;1450121001;4321600;04/01/2019;168.01;335.31
88147459000163;1450121001;4321600;05/01/2019;334.81;261.43
88147459000163;1450121001;4321600;06/01/2019;328.24;527.75
88147459000163;1450121001;4321600;07/01/2019;275.55;284.86
88147459000163;1450121001;4321600;08/01/2019;114.73;163.71
88147459000163;1450121001;4321600;09/01/2019;105.45;314.50
88147459000163;1450121001;4321600;10/01/2019;174.33;267.31
88147459000163;1450121001;4321600;11/01/2019;180.66;94.76
88147459000163;1450121001;4321600;12/01/2019;146.06;489.99
88147459000163;1450121001;4321600;13/01/2019;217.47;249.87
88147459000163;1450121001;4321600;14/01/2019;37.51;228.73
88147459000163;1450121001;4321600;15/01/2019;443.71;147.25
88147459000163;1450121001;4321600;16/01/2019;163.15;336.71
88147459000163;1450121001;4321600;17/01/2019;178.02;128.02
88147459000163;1450121001;4321600;18/01/2019;204.90;212.68
88147459000163;1450121001;4321600;19/01/2019;319.27;326.12
88147459000163;1450121001;4321600;20/01/2019;121.05;268.31
88147459000163;1450121001;4321600;21/01/2019;84.12;127.47
88147459000163;1450121001;4321600;22/01/2019;79.50;332.70
88147459000163;1450121001;4321600;23/01/2019;454.08;287.78
88147459000163;1450121001;4321600;24/01/2019;182.31;111.48
88147459000163;1450121001;4321600;25/01/2019;320.44;307.19
88147459000163;1450121001;4321600;26/01/2019;448.52;280.16
88147459000163;1450121001;4321600;27/01/2019;523.98;522.92
88147459000163;1450121001;4321600;28/01/2019;113.67;40.91
88147459000163;1450121001;4321600;29/01/2019;80.48;188.61
88147459000163;1450121001;4321600;30/01/2019;145.31;148.29
88147459000163;1450121001;4321600;31/01/2019;118.52;409.27
88382999000121;2810000055;4310330;01/01/2019;6633.00;3138.00
88382999000121;2810000055;4310330;02/01/2019;6455.50;3196.50
88382999000121;2810000055;4310330;03/01/2019;1443.00;4064.50
88382999000121;2810000055;4310330;04/01/2019;400.00;2900.00
88382999000121;2810000055;4310330;05/01/2019;1542.50;2119.00
88382999000121;2810000055;4310330;06/01/2019;1574.50;1350.50
88382999000121;2810000055;4310330;07/01/2019;631.00;170.00
88382999000121;2810000055;4310330;09/01/2019;0.00;2225.00
88382999000121;2810000055;4310330;10/01/2019;370.00;0.00
88382999000121;2810000055;4310330;11/01/2019;435.50;823.00
88382999000121;2810000055;4310330;12/01/2019;423.00;0.00
88382999000121;2810000055;4310330;13/01/2019;2291.50;0.00
88382999000121;2810000055;4310330;14/01/2019;345.00;2834.50
88382999000121;2810000055;4310330;16/01/2019;69.00;233.00
88382999000121;2810000055;4310330;17/01/2019;256.50;409.00
88382999000121;2810000055;4310330;18/01/2019;5402.00;2901.50
88382999000121;2810000055;4310330;19/01/2019;368.00;1500.00
88382999000121;2810000055;4310330;20/01/2019;2653.00;539.00
88382999000121;2810000055;4310330;21/01/2019;170.00;150.00
88382999000121;2810000055;4310330;22/01/2019;3500.00;6055.50
88382999000121;2810000055;4310330;23/01/2019;6320.50;2110.00
88382999000121;2810000055;4310330;24/01/2019;3113.00;1479.00
88382999000121;2810000055;4310330;25/01/2019;870.00;35.00
88382999000121;2810000055;4310330;26/01/2019;2017.00;595.00
88382999000121;2810000055;4310330;27/01/2019;2323.50;103.00
88382999000121;2810000055;4310330;28/01/2019;2598.00;0.00
88382999000121;2810000055;4310330;29/01/2019;204.50;0.00
88382999000121;2810000055;4310330;30/01/2019;148.50;0.00
88382999000121;2810000055;4310330;31/01/2019;1792.50;0.00
87867446000104;2810000497;4310330;02/01/2019;374.00;221.00
87867446000104;2810000497;4310330;03/01/2019;154.00;367.00
87867446000104;2810000497;4310330;04/01/2019;49.00;120.00
87867446000104;2810000497;4310330;05/01/2019;171.00;77.00
87867446000104;2810000497;4310330;06/01/2019;42.00;0.00
87867446000104;2810000497;4310330;08/01/2019;196.00;352.00
87867446000104;2810000497;4310330;09/01/2019;0.00;246.00
87867446000104;2810000497;4310330;10/01/2019;242.00;88.00
87867446000104;2810000497;4310330;11/01/2019;1047.00;124.00
87867446000104;2810000497;4310330;12/01/2019;1393.90;196.00
87867446000104;2810000497;4310330;13/01/2019;39.00;0.00
87867446000104;2810000497;4310330;14/01/2019;379.00;288.00
87867446000104;2810000497;4310330;15/01/2019;90.00;164.00
87867446000104;2810000497;4310330;16/01/2019;0.00;66.00
87867446000104;2810000497;4310330;17/01/2019;865.00;1092.00
87867446000104;2810000497;4310330;18/01/2019;1000.00;1432.40
87867446000104;2810000497;4310330;19/01/2019;1376.80;557.90
87867446000104;2810000497;4310330;21/01/2019;190.00;68.00
87867446000104;2810000497;4310330;22/01/2019;45.00;125.00
87867446000104;2810000497;4310330;23/01/2019;211.00;99.00
87867446000104;2810000497;4310330;24/01/2019;113.00;148.00
87867446000104;2810000497;4310330;25/01/2019;206.00;283.00
87867446000104;2810000497;4310330;26/01/2019;1222.00;0.00
87867446000104;2810000497;4310330;29/01/2019;260.00;15.00
87867446000104;2810000497;4310330;30/01/2019;74.90;0.00
91031229000149;2810001507;4310330;02/01/2019;2281.38;3480.45
91031229000149;2810001507;4310330;03/01/2019;723.38;981.40
91031229000149;2810001507;4310330;04/01/2019;290.40;1790.37
91031229000149;2810001507;4310330;05/01/2019;1134.65;1004.38
91031229000149;2810001507;4310330;07/01/2019;466.10;3348.94
91031229000149;2810001507;4310330;08/01/2019;659.60;1877.25
91031229000149;2810001507;4310330;09/01/2019;96.90;1773.08
91031229000149;2810001507;4310330;10/01/2019;743.40;2188.48
91031229000149;2810001507;4310330;11/01/2019;1919.35;2035.57
91031229000149;2810001507;4310330;12/01/2019;136.60;2694.77
91031229000149;2810001507;4310330;14/01/2019;82.00;1838.30
91031229000149;2810001507;4310330;15/01/2019;67.90;3538.43
91031229000149;2810001507;4310330;16/01/2019;70.54;762.10
91031229000149;2810001507;4310330;17/01/2019;478.74;617.84
91031229000149;2810001507;4310330;18/01/2019;642.40;1280.56
91031229000149;2810001507;4310330;19/01/2019;20.10;217.40
91031229000149;2810001507;4310330;21/01/2019;0.00;5135.00
91031229000149;2810001507;4310330;22/01/2019;0.00;2064.49
91031229000149;2810001507;4310330;23/01/2019;0.00;2214.85
91031229000149;2810001507;4310330;24/01/2019;0.00;555.00
91031229000149;2810001507;4310330;25/01/2019;3119.75;4758.40
91031229000149;2810001507;4310330;26/01/2019;2515.90;0.00
91031229000149;2810001507;4310330;28/01/2019;2252.28;2027.80
91031229000149;2810001507;4310330;29/01/2019;249.60;494.70
91031229000149;2810001507;4310330;30/01/2019;166.98;434.12
91031229000149;2810001507;4310330;31/01/2019;1051.90;390.90
91768176000143;2810002554;4310330;02/01/2019;5008.88;2906.97
91768176000143;2810002554;4310330;03/01/2019;3377.03;3352.55
91768176000143;2810002554;4310330;04/01/2019;2727.37;3660.78
91768176000143;2810002554;4310330;05/01/2019;3507.02;3330.14
91768176000143;2810002554;4310330;06/01/2019;727.72;1073.99
91768176000143;2810002554;4310330;07/01/2019;3111.93;2669.09
91768176000143;2810002554;4310330;08/01/2019;1603.09;1886.74
91768176000143;2810002554;4310330;09/01/2019;1932.12;2789.19
91768176000143;2810002554;4310330;10/01/2019;919.90;1771.41
91768176000143;2810002554;4310330;11/01/2019;2265.65;2219.31
91768176000143;2810002554;4310330;12/01/2019;4469.46;2436.43
91768176000143;2810002554;4310330;13/01/2019;1447.20;1273.16
91768176000143;2810002554;4310330;14/01/2019;1608.95;1290.45
91768176000143;2810002554;4310330;15/01/2019;1472.09;1654.70
91768176000143;2810002554;4310330;16/01/2019;1140.27;1623.75
91768176000143;2810002554;4310330;17/01/2019;1201.97;3081.87
91768176000143;2810002554;4310330;18/01/2019;2080.94;1676.19
91768176000143;2810002554;4310330;19/01/2019;2248.05;2207.38
91768176000143;2810002554;4310330;20/01/2019;2649.08;393.36
91768176000143;2810002554;4310330;21/01/2019;1396.81;1863.51
91768176000143;2810002554;4310330;22/01/2019;2385.75;1330.03
91768176000143;2810002554;4310330;23/01/2019;1505.23;2202.67
91768176000143;2810002554;4310330;24/01/2019;2322.54;3493.88
91768176000143;2810002554;4310330;25/01/2019;2231.54;2725.24
91768176000143;2810002554;4310330;26/01/2019;3230.23;2526.81
91768176000143;2810002554;4310330;27/01/2019;1091.93;1767.04
91768176000143;2810002554;4310330;28/01/2019;4064.80;1710.72
91768176000143;2810002554;4310330;29/01/2019;1424.48;1964.05
91768176000143;2810002554;4310330;30/01/2019;1477.51;1870.98
91768176000143;2810002554;4310330;31/01/2019;1816.14;1650.44
92117019000130;2810003135;4310330;02/01/2019;0.00;191.15
92117019000130;2810003135;4310330;03/01/2019;208.00;68.50
92117019000130;2810003135;4310330;04/01/2019;0.00;32.50
92117019000130;2810003135;4310330;05/01/2019;114.50;139.70
92117019000130;2810003135;4310330;06/01/2019;10.50;71.00
92117019000130;2810003135;4310330;07/01/2019;35.50;49.25
92117019000130;2810003135;4310330;08/01/2019;0.00;17.30
92117019000130;2810003135;4310330;09/01/2019;0.00;108.35
92117019000130;2810003135;4310330;10/01/2019;0.00;147.10
92117019000130;2810003135;4310330;11/01/2019;20.00;45.95
92117019000130;2810003135;4310330;12/01/2019;208.95;32.85
92117019000130;2810003135;4310330;13/01/2019;0.00;24.75
92117019000130;2810003135;4310330;14/01/2019;0.00;85.05
92117019000130;2810003135;4310330;15/01/2019;0.00;5.50
92117019000130;2810003135;4310330;16/01/2019;5.40;18.50
92117019000130;2810003135;4310330;17/01/2019;0.00;174.70
92117019000130;2810003135;4310330;18/01/2019;60.70;93.55
92117019000130;2810003135;4310330;19/01/2019;12.00;69.70
92117019000130;2810003135;4310330;20/01/2019;75.70;0.00
92117019000130;2810003135;4310330;21/01/2019;23.25;40.55
92117019000130;2810003135;4310330;22/01/2019;145.65;10.00
92117019000130;2810003135;4310330;23/01/2019;428.00;25.80
92117019000130;2810003135;4310330;24/01/2019;37.50;5.00
92117019000130;2810003135;4310330;25/01/2019;60.35;81.95
92117019000130;2810003135;4310330;26/01/2019;0.00;35.75
92117019000130;2810003135;4310330;28/01/2019;143.80;75.45
92117019000130;2810003135;4310330;29/01/2019;1045.00;18.00
92117019000130;2810003135;4310330;30/01/2019;203.45;24.50
92117019000130;2810003135;4310330;31/01/2019;39.25;0.00
73598476000140;2810009222;4310330;01/01/2019;39501.51;14266.70
73598476000140;2810009222;4310330;02/01/2019;23258.45;12245.26
73598476000140;2810009222;4310330;03/01/2019;117.50;3461.80
73598476000140;2810009222;4310330;04/01/2019;7706.70;150.30
73598476000140;2810009222;4310330;05/01/2019;13885.12;5202.51
73598476000140;2810009222;4310330;06/01/2019;7400.90;3535.63
73598476000140;2810009222;4310330;07/01/2019;8606.10;4963.54
73598476000140;2810009222;4310330;08/01/2019;11756.84;5981.57
73598476000140;2810009222;4310330;09/01/2019;7467.05;4338.99
73598476000140;2810009222;4310330;10/01/2019;4153.00;5046.80
73598476000140;2810009222;4310330;11/01/2019;4570.40;300.00
73598476000140;2810009222;4310330;12/01/2019;1954.00;3407.78
73598476000140;2810009222;4310330;13/01/2019;10232.27;1315.90
73598476000140;2810009222;4310330;14/01/2019;13267.22;3242.17
73598476000140;2810009222;4310330;15/01/2019;20.00;3193.56
73598476000140;2810009222;4310330;16/01/2019;2033.30;1564.10
73598476000140;2810009222;4310330;18/01/2019;220.00;7602.16
73598476000140;2810009222;4310330;19/01/2019;6329.50;3263.40
73598476000140;2810009222;4310330;20/01/2019;19980.20;11996.91
73598476000140;2810009222;4310330;21/01/2019;18471.40;4364.30
73598476000140;2810009222;4310330;22/01/2019;5742.12;974.02
73598476000140;2810009222;4310330;23/01/2019;8825.60;2860.17
73598476000140;2810009222;4310330;24/01/2019;10525.02;450.00
73598476000140;2810009222;4310330;25/01/2019;16116.95;5951.28
73598476000140;2810009222;4310330;26/01/2019;5966.06;2154.00
73598476000140;2810009222;4310330;27/01/2019;7400.18;11567.44
73598476000140;2810009222;4310330;28/01/2019;6735.32;159.00
73598476000140;2810009222;4310330;29/01/2019;0.00;8862.61
73598476000140;2810009222;4310330;30/01/2019;5699.68;3332.95
73598476000140;2810009222;4310330;31/01/2019;3412.80;1713.44
91704882000393;2810018051;4310330;02/01/2019;2764.48;2446.06
91704882000393;2810018051;4310330;03/01/2019;3819.40;1331.46
91704882000393;2810018051;4310330;04/01/2019;2235.20;1064.27
91704882000393;2810018051;4310330;05/01/2019;2162.96;1060.66
91704882000393;2810018051;4310330;07/01/2019;4593.62;1971.32
91704882000393;2810018051;4310330;08/01/2019;3431.54;842.38
91704882000393;2810018051;4310330;09/01/2019;1314.24;3324.16
91704882000393;2810018051;4310330;10/01/2019;638.35;1595.33
91704882000393;2810018051;4310330;11/01/2019;1942.36;535.13
91704882000393;2810018051;4310330;12/01/2019;3539.49;1621.44
91704882000393;2810018051;4310330;14/01/2019;3918.21;1019.18
91704882000393;2810018051;4310330;15/01/2019;2972.57;1805.45
91704882000393;2810018051;4310330;16/01/2019;1198.57;2469.42
91704882000393;2810018051;4310330;17/01/2019;3347.48;1632.90
91704882000393;2810018051;4310330;18/01/2019;2910.47;811.31
91704882000393;2810018051;4310330;19/01/2019;578.30;2741.62
91704882000393;2810018051;4310330;21/01/2019;2392.69;1113.92
91704882000393;2810018051;4310330;22/01/2019;2163.69;1477.31
91704882000393;2810018051;4310330;23/01/2019;4248.34;1549.18
91704882000393;2810018051;4310330;24/01/2019;2298.17;261.55
91704882000393;2810018051;4310330;25/01/2019;4149.84;1946.16
91704882000393;2810018051;4310330;26/01/2019;2139.06;1213.19
91704882000393;2810018051;4310330;28/01/2019;5185.14;1933.60
91704882000393;2810018051;4310330;29/01/2019;1100.63;872.15
91704882000393;2810018051;4310330;30/01/2019;1697.28;1923.59
91704882000393;2810018051;4310330;31/01/2019;1353.64;1154.79
04311408000135;2810018647;4310330;02/01/2019;550.00;300.00
04311408000135;2810018647;4310330;03/01/2019;0.00;1600.00
04311408000135;2810018647;4310330;04/01/2019;500.00;0.00
04311408000135;2810018647;4310330;05/01/2019;2780.00;0.00
04311408000135;2810018647;4310330;07/01/2019;0.00;350.00
04311408000135;2810018647;4310330;08/01/2019;0.00;350.00
04311408000135;2810018647;4310330;09/01/2019;70.00;0.00
04311408000135;2810018647;4310330;10/01/2019;800.00;0.00
04311408000135;2810018647;4310330;11/01/2019;330.00;400.00
04311408000135;2810018647;4310330;14/01/2019;500.00;0.00
04311408000135;2810018647;4310330;15/01/2019;50.00;250.00
04311408000135;2810018647;4310330;16/01/2019;0.00;200.00
04311408000135;2810018647;4310330;18/01/2019;1300.00;1.00
04311408000135;2810018647;4310330;19/01/2019;350.00;740.00
04311408000135;2810018647;4310330;21/01/2019;0.00;200.00
04311408000135;2810018647;4310330;22/01/2019;0.00;1360.00
04311408000135;2810018647;4310330;23/01/2019;4500.00;0.00
04311408000135;2810018647;4310330;24/01/2019;1210.00;0.00
04311408000135;2810018647;4310330;25/01/2019;500.00;808.00
04311408000135;2810018647;4310330;26/01/2019;2000.00;500.00
04311408000135;2810018647;4310330;28/01/2019;400.00;250.00
04311408000135;2810018647;4310330;29/01/2019;350.00;0.00
04311408000135;2810018647;4310330;30/01/2019;230.00;0.00
04311408000135;2810018647;4310330;31/01/2019;0.00;200.00
04558291000199;2810018744;4310330;03/01/2019;20.70;0.00
04558291000199;2810018744;4310330;07/01/2019;63.20;0.00
04558291000199;2810018744;4310330;08/01/2019;0.00;111.10
04558291000199;2810018744;4310330;09/01/2019;45.00;0.00
04558291000199;2810018744;4310330;11/01/2019;19.50;0.00
04558291000199;2810018744;4310330;14/01/2019;60.00;0.00
04558291000199;2810018744;4310330;15/01/2019;54.90;0.00
04558291000199;2810018744;4310330;17/01/2019;105.05;0.00
04558291000199;2810018744;4310330;18/01/2019;251.40;0.00
04558291000199;2810018744;4310330;27/01/2019;306.20;0.00
04395720000154;2810018760;4310330;01/01/2019;2752.00;3843.00
04395720000154;2810018760;4310330;02/01/2019;1792.50;4007.50
04395720000154;2810018760;4310330;03/01/2019;1507.00;3368.00
04395720000154;2810018760;4310330;04/01/2019;1838.50;3310.00
04395720000154;2810018760;4310330;05/01/2019;2740.50;3938.00
04395720000154;2810018760;4310330;06/01/2019;1259.00;2419.50
04395720000154;2810018760;4310330;08/01/2019;604.25;949.00
04395720000154;2810018760;4310330;09/01/2019;560.00;1402.50
04395720000154;2810018760;4310330;10/01/2019;2041.50;1413.50
04395720000154;2810018760;4310330;11/01/2019;1705.00;2127.00
04395720000154;2810018760;4310330;12/01/2019;2730.00;4580.00
04395720000154;2810018760;4310330;13/01/2019;1287.25;1173.75
04395720000154;2810018760;4310330;14/01/2019;0.00;15.00
04395720000154;2810018760;4310330;15/01/2019;712.00;720.00
04395720000154;2810018760;4310330;16/01/2019;718.51;1179.50
04395720000154;2810018760;4310330;17/01/2019;778.00;1263.00
04395720000154;2810018760;4310330;18/01/2019;1457.50;2827.50
04395720000154;2810018760;4310330;19/01/2019;1283.00;1812.00
04395720000154;2810018760;4310330;20/01/2019;1780.00;1984.00
04395720000154;2810018760;4310330;22/01/2019;683.00;719.00
04395720000154;2810018760;4310330;23/01/2019;798.00;790.00
04395720000154;2810018760;4310330;24/01/2019;710.50;1506.50
04395720000154;2810018760;4310330;25/01/2019;1907.00;1709.00
04395720000154;2810018760;4310330;26/01/2019;2852.50;3072.25
04395720000154;2810018760;4310330;27/01/2019;1509.00;2004.49
04395720000154;2810018760;4310330;28/01/2019;0.00;62.25
04395720000154;2810018760;4310330;29/01/2019;454.50;1000.50
04395720000154;2810018760;4310330;30/01/2019;352.10;998.60
04395720000154;2810018760;4310330;31/01/2019;882.50;752.50
04056581000134;2810021699;4310330;02/01/2019;385.00;0.00
04056581000134;2810021699;4310330;19/01/2019;430.00;0.00
04056581000134;2810021699;4310330;25/01/2019;40.00;0.00
05958807000155;2810022652;4310330;02/01/2019;524.00;289.00
05958807000155;2810022652;4310330;03/01/2019;355.40;826.00
05958807000155;2810022652;4310330;04/01/2019;777.40;523.50
05958807000155;2810022652;4310330;05/01/2019;372.50;174.80
05958807000155;2810022652;4310330;07/01/2019;450.00;188.80
05958807000155;2810022652;4310330;08/01/2019;411.30;109.90
05958807000155;2810022652;4310330;09/01/2019;1035.50;465.80
05958807000155;2810022652;4310330;10/01/2019;717.90;239.90
05958807000155;2810022652;4310330;11/01/2019;617.50;653.70
05958807000155;2810022652;4310330;12/01/2019;291.80;357.50
05958807000155;2810022652;4310330;14/01/2019;695.90;408.30
05958807000155;2810022652;4310330;15/01/2019;917.35;499.80
05958807000155;2810022652;4310330;16/01/2019;398.60;281.70
05958807000155;2810022652;4310330;17/01/2019;683.20;340.60
05958807000155;2810022652;4310330;18/01/2019;748.10;269.60
05958807000155;2810022652;4310330;19/01/2019;497.40;477.55
05958807000155;2810022652;4310330;21/01/2019;690.30;1919.15
05958807000155;2810022652;4310330;22/01/2019;704.60;833.50
05958807000155;2810022652;4310330;23/01/2019;534.30;222.40
05958807000155;2810022652;4310330;24/01/2019;632.90;0.00
05958807000155;2810022652;4310330;25/01/2019;311.80;237.50
05958807000155;2810022652;4310330;26/01/2019;442.00;296.90
05958807000155;2810022652;4310330;28/01/2019;432.80;151.80
05958807000155;2810022652;4310330;29/01/2019;340.70;237.90
05958807000155;2810022652;4310330;30/01/2019;1016.30;141.60
05958807000155;2810022652;4310330;31/01/2019;674.80;128.00
06966169000187;2810023551;4310330;02/01/2019;1916.00;2421.00
06966169000187;2810023551;4310330;03/01/2019;2695.00;778.00
06966169000187;2810023551;4310330;04/01/2019;821.00;1387.00
06966169000187;2810023551;4310330;05/01/2019;1562.00;308.00
06966169000187;2810023551;4310330;06/01/2019;768.00;170.00
06966169000187;2810023551;4310330;07/01/2019;1242.00;1176.00
06966169000187;2810023551;4310330;08/01/2019;1612.00;1148.00
06966169000187;2810023551;4310330;09/01/2019;686.00;633.00
06966169000187;2810023551;4310330;10/01/2019;1641.00;1544.00
06966169000187;2810023551;4310330;11/01/2019;1448.00;161.00
06966169000187;2810023551;4310330;12/01/2019;2121.00;1206.00
06966169000187;2810023551;4310330;13/01/2019;328.00;140.00
06966169000187;2810023551;4310330;14/01/2019;2018.00;509.00
06966169000187;2810023551;4310330;15/01/2019;920.88;406.00
06966169000187;2810023551;4310330;16/01/2019;520.00;765.00
06966169000187;2810023551;4310330;17/01/2019;2151.00;649.00
06966169000187;2810023551;4310330;18/01/2019;283.00;568.00
06966169000187;2810023551;4310330;19/01/2019;1049.00;1230.00
06966169000187;2810023551;4310330;20/01/2019;500.00;1094.00
06966169000187;2810023551;4310330;21/01/2019;1090.00;2962.00
06966169000187;2810023551;4310330;22/01/2019;1720.00;817.00
06966169000187;2810023551;4310330;23/01/2019;158.00;804.00
06966169000187;2810023551;4310330;24/01/2019;1390.00;1154.00
06966169000187;2810023551;4310330;25/01/2019;3231.00;845.00
06966169000187;2810023551;4310330;26/01/2019;2418.00;1341.00
06966169000187;2810023551;4310330;27/01/2019;328.00;35.00
06966169000187;2810023551;4310330;28/01/2019;2451.00;558.00
06966169000187;2810023551;4310330;29/01/2019;840.00;353.00
06966169000187;2810023551;4310330;30/01/2019;1510.00;942.00
06966169000187;2810023551;4310330;31/01/2019;1831.00;1219.00
08468728000154;2810026712;4310330;01/01/2019;960.67;1147.98
08468728000154;2810026712;4310330;02/01/2019;1892.98;2309.27
08468728000154;2810026712;4310330;03/01/2019;2281.57;2752.28
08468728000154;2810026712;4310330;04/01/2019;2036.08;2372.66
08468728000154;2810026712;4310330;05/01/2019;2200.24;2388.37
08468728000154;2810026712;4310330;06/01/2019;586.05;659.08
08468728000154;2810026712;4310330;07/01/2019;821.37;1180.12
08468728000154;2810026712;4310330;08/01/2019;178.37;599.12
08468728000154;2810026712;4310330;09/01/2019;931.51;1210.95
08468728000154;2810026712;4310330;10/01/2019;311.18;527.91
08468728000154;2810026712;4310330;11/01/2019;1937.55;1413.52
08468728000154;2810026712;4310330;12/01/2019;2172.81;1812.69
08468728000154;2810026712;4310330;13/01/2019;1362.89;945.61
08468728000154;2810026712;4310330;14/01/2019;1041.05;1524.25
08468728000154;2810026712;4310330;15/01/2019;683.40;506.74
08468728000154;2810026712;4310330;16/01/2019;735.06;527.14
08468728000154;2810026712;4310330;17/01/2019;1130.93;1016.46
08468728000154;2810026712;4310330;18/01/2019;1030.23;1348.35
08468728000154;2810026712;4310330;19/01/2019;1467.01;1687.24
08468728000154;2810026712;4310330;20/01/2019;1345.23;1626.09
08468728000154;2810026712;4310330;21/01/2019;1285.09;842.26
08468728000154;2810026712;4310330;22/01/2019;405.33;1168.89
08468728000154;2810026712;4310330;23/01/2019;1350.19;609.58
08468728000154;2810026712;4310330;24/01/2019;518.28;613.96
08468728000154;2810026712;4310330;25/01/2019;520.65;862.94
08468728000154;2810026712;4310330;26/01/2019;886.06;1424.41
08468728000154;2810026712;4310330;27/01/2019;1282.35;1934.39
08468728000154;2810026712;4310330;28/01/2019;751.19;1127.07
08468728000154;2810026712;4310330;29/01/2019;273.40;685.74
08468728000154;2810026712;4310330;30/01/2019;888.12;396.35
08468728000154;2810026712;4310330;31/01/2019;558.46;624.59
09568110000129;2810028413;4310330;03/01/2019;1240.00;0.00
09568110000129;2810028413;4310330;04/01/2019;1200.00;0.00
09568110000129;2810028413;4310330;14/01/2019;0.00;200.00
09568110000129;2810028413;4310330;16/01/2019;60.00;0.00
09568110000129;2810028413;4310330;17/01/2019;0.00;815.00
09568110000129;2810028413;4310330;19/01/2019;380.00;0.00
09568110000129;2810028413;4310330;24/01/2019;490.00;480.00
09568110000129;2810028413;4310330;26/01/2019;2050.00;0.00
09568110000129;2810028413;4310330;29/01/2019;325.00;0.00
09568110000129;2810028413;4310330;31/01/2019;0.00;2350.00
10190199000111;2810028596;4310330;02/01/2019;748.94;176.80
10190199000111;2810028596;4310330;03/01/2019;0.00;251.65
10190199000111;2810028596;4310330;04/01/2019;149.90;245.68
10190199000111;2810028596;4310330;05/01/2019;700.00;0.00
10190199000111;2810028596;4310330;08/01/2019;350.00;0.00
10190199000111;2810028596;4310330;09/01/2019;0.00;186.82
10190199000111;2810028596;4310330;10/01/2019;1483.19;0.00
10190199000111;2810028596;4310330;11/01/2019;3500.00;0.00
10190199000111;2810028596;4310330;14/01/2019;34.50;0.00
10190199000111;2810028596;4310330;15/01/2019;588.35;516.65
10190199000111;2810028596;4310330;16/01/2019;0.00;591.74
10190199000111;2810028596;4310330;17/01/2019;400.36;293.67
10190199000111;2810028596;4310330;18/01/2019;680.00;0.00
10190199000111;2810028596;4310330;24/01/2019;0.00;270.80
10190199000111;2810028596;4310330;25/01/2019;295.00;0.00
10190199000111;2810028596;4310330;28/01/2019;0.00;610.00
10190199000111;2810028596;4310330;29/01/2019;226.00;0.00
10190199000111;2810028596;4310330;30/01/2019;1000.00;308.00
10190199000111;2810028596;4310330;31/01/2019;0.00;402.62
04493675000170;2810028634;4310330;02/01/2019;18.28;0.00
04493675000170;2810028634;4310330;07/01/2019;18.18;255.32
04493675000170;2810028634;4310330;15/01/2019;0.00;284.99
04493675000170;2810028634;4310330;17/01/2019;34.33;389.37
04493675000170;2810028634;4310330;22/01/2019;599.81;517.56
04493675000170;2810028634;4310330;24/01/2019;356.48;75.97
04493675000170;2810028634;4310330;25/01/2019;0.00;280.00
04493675000170;2810028634;4310330;27/01/2019;150.00;0.00
04493675000170;2810028634;4310330;28/01/2019;0.00;151.35
04493675000170;2810028634;4310330;29/01/2019;202.74;370.30
09640940000110;2810028685;4310330;01/01/2019;4363.80;4710.45
09640940000110;2810028685;4310330;02/01/2019;9558.75;9715.95
09640940000110;2810028685;4310330;03/01/2019;9136.30;10383.40
09640940000110;2810028685;4310330;04/01/2019;7163.35;9011.70
09640940000110;2810028685;4310330;05/01/2019;9994.85;8895.30
09640940000110;2810028685;4310330;06/01/2019;5734.75;4576.10
09640940000110;2810028685;4310330;07/01/2019;6640.70;6054.90
09640940000110;2810028685;4310330;08/01/2019;4275.45;4964.35
09640940000110;2810028685;4310330;09/01/2019;5045.60;3864.35
09640940000110;2810028685;4310330;10/01/2019;5024.00;5402.65
09640940000110;2810028685;4310330;11/01/2019;7111.35;4560.40
09640940000110;2810028685;4310330;12/01/2019;8286.55;7369.15
09640940000110;2810028685;4310330;13/01/2019;3946.45;2554.25
09640940000110;2810028685;4310330;14/01/2019;3920.25;4385.85
09640940000110;2810028685;4310330;15/01/2019;3044.45;2222.50
09640940000110;2810028685;4310330;16/01/2019;5327.00;2740.90
09640940000110;2810028685;4310330;17/01/2019;5740.55;5207.00
09640940000110;2810028685;4310330;18/01/2019;6405.90;3628.95
09640940000110;2810028685;4310330;19/01/2019;12153.40;8206.60
09640940000110;2810028685;4310330;20/01/2019;6387.20;5908.30
09640940000110;2810028685;4310330;21/01/2019;5225.75;3774.60
09640940000110;2810028685;4310330;22/01/2019;2592.75;2414.25
09640940000110;2810028685;4310330;23/01/2019;3379.00;3598.35
09640940000110;2810028685;4310330;24/01/2019;4520.95;4147.25
09640940000110;2810028685;4310330;25/01/2019;4955.50;3676.50
09640940000110;2810028685;4310330;26/01/2019;6004.45;5056.15
09640940000110;2810028685;4310330;27/01/2019;6814.80;3849.10
09640940000110;2810028685;4310330;28/01/2019;5519.30;3597.10
09640940000110;2810028685;4310330;29/01/2019;3465.90;3374.10
09640940000110;2810028685;4310330;30/01/2019;2493.35;2969.80
09640940000110;2810028685;4310330;31/01/2019;4660.50;4016.65
05503390000136;2810029460;4310330;02/01/2019;1343.90;275.00
05503390000136;2810029460;4310330;03/01/2019;940.00;325.00
05503390000136;2810029460;4310330;04/01/2019;904.90;399.00
05503390000136;2810029460;4310330;05/01/2019;510.00;554.00
05503390000136;2810029460;4310330;07/01/2019;514.00;0.00
05503390000136;2810029460;4310330;08/01/2019;504.90;0.00
05503390000136;2810029460;4310330;09/01/2019;300.00;99.00
05503390000136;2810029460;4310330;10/01/2019;400.00;390.00
05503390000136;2810029460;4310330;11/01/2019;45.00;138.00
05503390000136;2810029460;4310330;12/01/2019;120.00;80.00
05503390000136;2810029460;4310330;14/01/2019;400.00;445.00
05503390000136;2810029460;4310330;15/01/2019;400.00;27.00
05503390000136;2810029460;4310330;16/01/2019;230.00;85.00
05503390000136;2810029460;4310330;17/01/2019;610.00;0.00
05503390000136;2810029460;4310330;18/01/2019;426.00;213.00
05503390000136;2810029460;4310330;19/01/2019;804.00;90.00
05503390000136;2810029460;4310330;21/01/2019;115.00;0.00
05503390000136;2810029460;4310330;22/01/2019;40.00;0.00
05503390000136;2810029460;4310330;23/01/2019;500.00;120.00
05503390000136;2810029460;4310330;25/01/2019;150.00;35.00
05503390000136;2810029460;4310330;26/01/2019;439.00;0.00
05503390000136;2810029460;4310330;28/01/2019;70.00;160.00
05503390000136;2810029460;4310330;29/01/2019;200.00;0.00
05503390000136;2810029460;4310330;30/01/2019;250.00;0.00
11207311000142;2810030256;4310330;10/01/2019;0.00;2.00
11207311000142;2810030256;4310330;11/01/2019;126.00;578.40
11207311000142;2810030256;4310330;12/01/2019;312.60;659.30
11207311000142;2810030256;4310330;13/01/2019;239.90;730.05
11207311000142;2810030256;4310330;14/01/2019;0.00;90.00
11207311000142;2810030256;4310330;15/01/2019;21.90;383.50
11207311000142;2810030256;4310330;16/01/2019;79.00;388.90
11207311000142;2810030256;4310330;17/01/2019;120.00;399.20
11207311000142;2810030256;4310330;18/01/2019;319.40;672.50
11207311000142;2810030256;4310330;19/01/2019;433.80;569.60
11207311000142;2810030256;4310330;20/01/2019;291.20;590.70
11207311000142;2810030256;4310330;21/01/2019;93.00;0.00
11207311000142;2810030256;4310330;22/01/2019;33.00;973.49
11207311000142;2810030256;4310330;23/01/2019;4095.30;525.00
11207311000142;2810030256;4310330;24/01/2019;132.90;104.90
11207311000142;2810030256;4310330;25/01/2019;309.20;499.30
11207311000142;2810030256;4310330;26/01/2019;598.60;1491.60
11207311000142;2810030256;4310330;27/01/2019;664.50;968.10
11207311000142;2810030256;4310330;29/01/2019;78.00;294.90
11207311000142;2810030256;4310330;30/01/2019;183.20;771.00
11207311000142;2810030256;4310330;31/01/2019;34.00;233.80
11700922000128;2810031082;4310330;03/01/2019;0.00;220.00
11700922000128;2810031082;4310330;04/01/2019;1508.00;0.00
11700922000128;2810031082;4310330;05/01/2019;0.00;160.00
11700922000128;2810031082;4310330;07/01/2019;86.00;0.00
11700922000128;2810031082;4310330;15/01/2019;0.00;155.00
11700922000128;2810031082;4310330;18/01/2019;0.00;1684.00
11700922000128;2810031082;4310330;21/01/2019;259.20;0.00
11700922000128;2810031082;4310330;25/01/2019;0.00;200.00
11700922000128;2810031082;4310330;29/01/2019;0.00;56.00
10487892000150;2810031244;4310330;01/01/2019;638.53;1275.26
10487892000150;2810031244;4310330;02/01/2019;1546.43;2242.44
10487892000150;2810031244;4310330;03/01/2019;2007.12;1827.65
10487892000150;2810031244;4310330;04/01/2019;1264.68;1763.82
10487892000150;2810031244;4310330;05/01/2019;1500.71;1382.35
10487892000150;2810031244;4310330;06/01/2019;656.93;824.65
10487892000150;2810031244;4310330;07/01/2019;1105.43;1124.94
10487892000150;2810031244;4310330;08/01/2019;823.48;1197.75
10487892000150;2810031244;4310330;09/01/2019;880.46;1351.31
10487892000150;2810031244;4310330;10/01/2019;1657.70;1081.07
10487892000150;2810031244;4310330;11/01/2019;1584.44;1472.85
10487892000150;2810031244;4310330;12/01/2019;1234.36;1236.64
10487892000150;2810031244;4310330;13/01/2019;251.60;497.22
10487892000150;2810031244;4310330;14/01/2019;985.82;1092.25
10487892000150;2810031244;4310330;15/01/2019;1434.97;1251.33
10487892000150;2810031244;4310330;16/01/2019;805.62;796.37
10487892000150;2810031244;4310330;17/01/2019;1553.75;1802.60
10487892000150;2810031244;4310330;18/01/2019;1408.98;1335.17
10487892000150;2810031244;4310330;19/01/2019;1207.91;885.73
10487892000150;2810031244;4310330;20/01/2019;617.98;419.45
10487892000150;2810031244;4310330;21/01/2019;618.12;914.46
10487892000150;2810031244;4310330;22/01/2019;1213.23;322.20
10487892000150;2810031244;4310330;23/01/2019;1599.47;1106.63
10487892000150;2810031244;4310330;24/01/2019;824.55;587.62
10487892000150;2810031244;4310330;25/01/2019;1589.63;555.50
10487892000150;2810031244;4310330;26/01/2019;1552.68;1639.98
10487892000150;2810031244;4310330;27/01/2019;537.31;453.59
10487892000150;2810031244;4310330;28/01/2019;789.57;844.63
10487892000150;2810031244;4310330;29/01/2019;469.88;730.32
10487892000150;2810031244;4310330;30/01/2019;795.05;804.93
10487892000150;2810031244;4310330;31/01/2019;988.54;1088.06
12077340000108;2810031430;4310330;01/01/2019;215.80;1348.59
12077340000108;2810031430;4310330;02/01/2019;150.62;192.06
12077340000108;2810031430;4310330;03/01/2019;104.99;477.38
12077340000108;2810031430;4310330;04/01/2019;98.32;624.57
12077340000108;2810031430;4310330;05/01/2019;294.03;624.96
12077340000108;2810031430;4310330;06/01/2019;161.41;423.62
12077340000108;2810031430;4310330;07/01/2019;144.43;268.35
12077340000108;2810031430;4310330;08/01/2019;146.96;184.37
12077340000108;2810031430;4310330;09/01/2019;37.79;120.07
12077340000108;2810031430;4310330;10/01/2019;54.33;386.60
12077340000108;2810031430;4310330;11/01/2019;293.00;392.11
12077340000108;2810031430;4310330;12/01/2019;224.81;423.56
12077340000108;2810031430;4310330;13/01/2019;290.74;711.03
12077340000108;2810031430;4310330;14/01/2019;68.70;152.35
12077340000108;2810031430;4310330;15/01/2019;22.80;91.55
12077340000108;2810031430;4310330;16/01/2019;37.96;146.58
12077340000108;2810031430;4310330;17/01/2019;96.89;130.73
12077340000108;2810031430;4310330;18/01/2019;94.71;107.56
12077340000108;2810031430;4310330;19/01/2019;136.71;289.80
12077340000108;2810031430;4310330;20/01/2019;119.21;144.99
12077340000108;2810031430;4310330;21/01/2019;92.17;147.42
12077340000108;2810031430;4310330;22/01/2019;175.96;138.95
12077340000108;2810031430;4310330;23/01/2019;0.00;113.13
12077340000108;2810031430;4310330;24/01/2019;128.09;116.83
12077340000108;2810031430;4310330;25/01/2019;81.94;198.10
12077340000108;2810031430;4310330;26/01/2019;250.88;471.98
12077340000108;2810031430;4310330;27/01/2019;37.75;281.43
12077340000108;2810031430;4310330;28/01/2019;130.93;321.85
12077340000108;2810031430;4310330;29/01/2019;14.25;251.67
12077340000108;2810031430;4310330;30/01/2019;32.68;0.00
12077340000108;2810031430;4310330;31/01/2019;62.29;173.09
12580686000116;2810031732;4314902;03/01/2019;0.00;120.00
12580686000116;2810031732;4314902;04/01/2019;806.00;1797.90
12580686000116;2810031732;4314902;05/01/2019;347.00;45.00
12580686000116;2810031732;4314902;06/01/2019;961.00;3418.00
12580686000116;2810031732;4314902;08/01/2019;0.00;48.00
12580686000116;2810031732;4314902;09/01/2019;1012.00;1246.00
12580686000116;2810031732;4314902;10/01/2019;100.00;133.00
12580686000116;2810031732;4314902;11/01/2019;830.00;1640.00
12580686000116;2810031732;4314902;12/01/2019;1301.00;2354.00
12580686000116;2810031732;4314902;13/01/2019;2090.00;2776.00
12580686000116;2810031732;4314902;15/01/2019;138.00;90.00
12580686000116;2810031732;4314902;16/01/2019;652.00;488.00
12580686000116;2810031732;4314902;17/01/2019;135.00;161.00
12580686000116;2810031732;4314902;18/01/2019;1005.00;1178.00
12580686000116;2810031732;4314902;19/01/2019;76.00;420.00
12580686000116;2810031732;4314902;20/01/2019;1030.00;1332.50
12580686000116;2810031732;4314902;22/01/2019;245.00;115.00
12580686000116;2810031732;4314902;23/01/2019;672.00;689.00
12580686000116;2810031732;4314902;24/01/2019;90.00;172.00
12580686000116;2810031732;4314902;25/01/2019;756.00;1427.00
12580686000116;2810031732;4314902;26/01/2019;526.00;1051.00
12580686000116;2810031732;4314902;29/01/2019;60.00;37.00
12580686000116;2810031732;4314902;30/01/2019;267.50;870.50
12580686000116;2810031732;4314902;31/01/2019;95.00;140.00
14207888000142;2810033018;4310330;01/01/2019;12.99;102.96
14207888000142;2810033018;4310330;02/01/2019;0.00;257.71
14207888000142;2810033018;4310330;03/01/2019;284.83;33.46
14207888000142;2810033018;4310330;04/01/2019;415.01;24.95
14207888000142;2810033018;4310330;05/01/2019;136.56;53.95
14207888000142;2810033018;4310330;06/01/2019;107.24;96.82
14207888000142;2810033018;4310330;07/01/2019;0.00;56.00
14207888000142;2810033018;4310330;08/01/2019;125.43;97.89
14207888000142;2810033018;4310330;09/01/2019;56.49;78.75
14207888000142;2810033018;4310330;10/01/2019;175.63;0.00
14207888000142;2810033018;4310330;11/01/2019;30.98;114.60
14207888000142;2810033018;4310330;12/01/2019;46.46;144.88
14207888000142;2810033018;4310330;13/01/2019;60.47;0.00
14207888000142;2810033018;4310330;14/01/2019;17.74;19.99
14207888000142;2810033018;4310330;15/01/2019;189.95;139.90
14207888000142;2810033018;4310330;16/01/2019;35.99;12.49
14207888000142;2810033018;4310330;17/01/2019;66.09;17.98
14207888000142;2810033018;4310330;18/01/2019;145.50;184.28
14207888000142;2810033018;4310330;19/01/2019;351.13;322.88
14207888000142;2810033018;4310330;20/01/2019;144.70;24.20
14207888000142;2810033018;4310330;21/01/2019;202.01;24.48
14207888000142;2810033018;4310330;22/01/2019;87.98;12.49
14207888000142;2810033018;4310330;23/01/2019;0.00;137.99
14207888000142;2810033018;4310330;24/01/2019;4.99;0.00
14207888000142;2810033018;4310330;25/01/2019;28.30;0.00
14207888000142;2810033018;4310330;26/01/2019;141.30;272.31
14207888000142;2810033018;4310330;27/01/2019;53.95;0.00
14207888000142;2810033018;4310330;29/01/2019;25.98;0.00
14207888000142;2810033018;4310330;30/01/2019;68.85;183.98
14207888000142;2810033018;4310330;31/01/2019;29.00;31.47
13965302000146;2810034855;4310330;02/01/2019;3951.25;0.00
13965302000146;2810034855;4310330;03/01/2019;2400.00;0.00
13965302000146;2810034855;4310330;04/01/2019;3246.30;0.00
13965302000146;2810034855;4310330;05/01/2019;3547.10;289.80
13965302000146;2810034855;4310330;06/01/2019;739.40;0.00
13965302000146;2810034855;4310330;07/01/2019;1452.80;0.00
13965302000146;2810034855;4310330;08/01/2019;790.10;199.40
13965302000146;2810034855;4310330;09/01/2019;2722.20;368.10
13965302000146;2810034855;4310330;10/01/2019;855.00;1409.90
13965302000146;2810034855;4310330;11/01/2019;3353.90;0.00
13965302000146;2810034855;4310330;12/01/2019;8086.50;0.00
13965302000146;2810034855;4310330;13/01/2019;1949.79;0.00
13965302000146;2810034855;4310330;14/01/2019;2537.50;0.00
13965302000146;2810034855;4310330;15/01/2019;3934.90;367.60
13965302000146;2810034855;4310330;16/01/2019;878.30;0.00
13965302000146;2810034855;4310330;17/01/2019;844.50;0.00
13965302000146;2810034855;4310330;18/01/2019;1102.00;0.00
13965302000146;2810034855;4310330;19/01/2019;2650.80;0.00
13965302000146;2810034855;4310330;20/01/2019;3865.80;0.00
13965302000146;2810034855;4310330;21/01/2019;1630.10;0.00
13965302000146;2810034855;4310330;22/01/2019;4496.40;0.00
13965302000146;2810034855;4310330;23/01/2019;1034.40;0.00
13965302000146;2810034855;4310330;24/01/2019;2108.70;0.00
13965302000146;2810034855;4310330;25/01/2019;1769.00;599.70
13965302000146;2810034855;4310330;26/01/2019;3715.10;0.00
13965302000146;2810034855;4310330;27/01/2019;399.60;0.00
13965302000146;2810034855;4310330;28/01/2019;2137.08;0.00
13965302000146;2810034855;4310330;29/01/2019;1584.80;0.00
13965302000146;2810034855;4310330;30/01/2019;1379.50;0.00
13965302000146;2810034855;4310330;31/01/2019;769.30;97.30
19095626000157;2810035193;4310330;01/01/2019;1694.85;2712.10
19095626000157;2810035193;4310330;02/01/2019;3112.10;3621.25
19095626000157;2810035193;4310330;03/01/2019;2561.60;1975.90
19095626000157;2810035193;4310330;04/01/2019;2294.70;2570.47
19095626000157;2810035193;4310330;05/01/2019;3121.70;2799.00
19095626000157;2810035193;4310330;06/01/2019;2711.40;2490.92
19095626000157;2810035193;4310330;07/01/2019;1583.70;1069.20
19095626000157;2810035193;4310330;08/01/2019;509.10;642.60
19095626000157;2810035193;4310330;09/01/2019;1433.20;949.95
19095626000157;2810035193;4310330;10/01/2019;1457.60;2305.60
19095626000157;2810035193;4310330;11/01/2019;1785.30;1977.00
19095626000157;2810035193;4310330;12/01/2019;2749.45;2770.70
19095626000157;2810035193;4310330;13/01/2019;2491.20;2429.30
19095626000157;2810035193;4310330;14/01/2019;1683.10;796.80
19095626000157;2810035193;4310330;15/01/2019;1525.30;1586.40
19095626000157;2810035193;4310330;16/01/2019;936.60;364.00
19095626000157;2810035193;4310330;17/01/2019;703.90;906.30
19095626000157;2810035193;4310330;18/01/2019;1474.50;1301.20
19095626000157;2810035193;4310330;19/01/2019;2936.80;2349.80
19095626000157;2810035193;4310330;20/01/2019;3285.60;3221.85
19095626000157;2810035193;4310330;21/01/2019;1376.50;1487.30
19095626000157;2810035193;4310330;22/01/2019;1086.60;872.00
19095626000157;2810035193;4310330;23/01/2019;590.30;503.50
19095626000157;2810035193;4310330;24/01/2019;744.10;1450.50
19095626000157;2810035193;4310330;25/01/2019;1882.25;2515.80
19095626000157;2810035193;4310330;26/01/2019;4135.65;2921.95
19095626000157;2810035193;4310330;27/01/2019;4070.90;1354.70
19095626000157;2810035193;4310330;28/01/2019;896.10;439.90
19095626000157;2810035193;4310330;29/01/2019;807.00;815.20
19095626000157;2810035193;4310330;30/01/2019;1786.70;726.20
19095626000157;2810035193;4310330;31/01/2019;527.90;1118.40
19151633000129;2810035290;4310330;01/01/2019;1204.70;1423.10
19151633000129;2810035290;4310330;02/01/2019;305.66;554.36
19151633000129;2810035290;4310330;03/01/2019;241.71;1333.09
19151633000129;2810035290;4310330;04/01/2019;719.17;1444.40
19151633000129;2810035290;4310330;05/01/2019;980.09;1401.02
19151633000129;2810035290;4310330;06/01/2019;689.99;712.11
19151633000129;2810035290;4310330;07/01/2019;30.28;574.40
19151633000129;2810035290;4310330;08/01/2019;396.09;236.36
19151633000129;2810035290;4310330;09/01/2019;122.67;435.44
19151633000129;2810035290;4310330;10/01/2019;550.20;466.21
19151633000129;2810035290;4310330;11/01/2019;619.73;695.47
19151633000129;2810035290;4310330;12/01/2019;358.96;362.81
19151633000129;2810035290;4310330;13/01/2019;210.18;431.64
19151633000129;2810035290;4310330;14/01/2019;249.52;453.67
19151633000129;2810035290;4310330;15/01/2019;0.00;5.00
19151633000129;2810035290;4310330;16/01/2019;228.48;147.17
19151633000129;2810035290;4310330;17/01/2019;272.08;433.51
19151633000129;2810035290;4310330;18/01/2019;295.36;363.38
19151633000129;2810035290;4310330;19/01/2019;227.52;433.48
19151633000129;2810035290;4310330;20/01/2019;106.21;296.61
19151633000129;2810035290;4310330;21/01/2019;205.26;129.40
19151633000129;2810035290;4310330;22/01/2019;279.11;211.42
19151633000129;2810035290;4310330;23/01/2019;0.00;147.20
19151633000129;2810035290;4310330;24/01/2019;716.46;306.41
19151633000129;2810035290;4310330;25/01/2019;165.84;115.59
19151633000129;2810035290;4310330;26/01/2019;331.15;22.00
19151633000129;2810035290;4310330;27/01/2019;259.18;85.15
19151633000129;2810035290;4310330;28/01/2019;57.08;26.50
19151633000129;2810035290;4310330;29/01/2019;58.41;0.00
19151633000129;2810035290;4310330;30/01/2019;140.43;103.08
19151633000129;2810035290;4310330;31/01/2019;187.31;316.72
19399731000180;2810035436;4310330;02/01/2019;86.95;0.00
19399731000180;2810035436;4310330;04/01/2019;261.55;159.70
19399731000180;2810035436;4310330;05/01/2019;12.80;0.00
19399731000180;2810035436;4310330;07/01/2019;0.00;21.40
19399731000180;2810035436;4310330;09/01/2019;335.70;43.55
19399731000180;2810035436;4310330;10/01/2019;131.50;0.00
19399731000180;2810035436;4310330;11/01/2019;0.00;12.55
19399731000180;2810035436;4310330;12/01/2019;90.85;0.00
19399731000180;2810035436;4310330;15/01/2019;35.80;28.95
19399731000180;2810035436;4310330;16/01/2019;237.75;57.80
19399731000180;2810035436;4310330;18/01/2019;31.00;134.50
19399731000180;2810035436;4310330;19/01/2019;0.00;15.25
19399731000180;2810035436;4310330;21/01/2019;45.30;0.00
19399731000180;2810035436;4310330;22/01/2019;56.50;0.00
19399731000180;2810035436;4310330;26/01/2019;291.85;46.75
19399731000180;2810035436;4310330;28/01/2019;22.95;0.00
19399731000180;2810035436;4310330;29/01/2019;187.10;0.00
19399731000180;2810035436;4310330;30/01/2019;64.90;0.00
19399731000180;2810035436;4310330;31/01/2019;0.00;107.35
21949534000139;2810036262;4321600;01/01/2019;793.34;1111.84
21949534000139;2810036262;4321600;02/01/2019;1826.29;1322.74
21949534000139;2810036262;4321600;03/01/2019;1066.37;1440.28
21949534000139;2810036262;4321600;04/01/2019;2044.78;1587.82
21949534000139;2810036262;4321600;05/01/2019;2203.43;2336.43
21949534000139;2810036262;4321600;06/01/2019;1585.66;2338.49
21949534000139;2810036262;4321600;07/01/2019;434.91;1040.10
21949534000139;2810036262;4321600;08/01/2019;705.42;816.63
21949534000139;2810036262;4321600;09/01/2019;648.45;489.83
21949534000139;2810036262;4321600;10/01/2019;539.72;440.50
21949534000139;2810036262;4321600;11/01/2019;591.25;708.87
21949534000139;2810036262;4321600;12/01/2019;3373.01;2338.78
21949534000139;2810036262;4321600;13/01/2019;2032.25;2556.80
21949534000139;2810036262;4321600;14/01/2019;693.60;761.15
21949534000139;2810036262;4321600;15/01/2019;488.80;828.58
21949534000139;2810036262;4321600;16/01/2019;403.33;426.70
21949534000139;2810036262;4321600;17/01/2019;697.11;669.17
21949534000139;2810036262;4321600;18/01/2019;168.30;1302.07
21949534000139;2810036262;4321600;19/01/2019;2879.11;1831.16
21949534000139;2810036262;4321600;20/01/2019;1225.08;1378.95
21949534000139;2810036262;4321600;21/01/2019;458.17;367.62
21949534000139;2810036262;4321600;22/01/2019;683.92;450.31
21949534000139;2810036262;4321600;23/01/2019;609.00;333.24
21949534000139;2810036262;4321600;24/01/2019;1081.68;608.63
21949534000139;2810036262;4321600;25/01/2019;1293.36;753.51
21949534000139;2810036262;4321600;26/01/2019;727.48;2980.58
21949534000139;2810036262;4321600;27/01/2019;1779.62;2692.52
21949534000139;2810036262;4321600;28/01/2019;1208.51;851.66
21949534000139;2810036262;4321600;29/01/2019;578.18;1193.65
21949534000139;2810036262;4321600;30/01/2019;249.18;590.13
21949534000139;2810036262;4321600;31/01/2019;416.82;693.09
22377047000101;2810036459;4310330;02/01/2019;271.90;18.00
22377047000101;2810036459;4310330;03/01/2019;54.80;250.25
22377047000101;2810036459;4310330;04/01/2019;547.62;580.70
22377047000101;2810036459;4310330;07/01/2019;170.70;170.60
22377047000101;2810036459;4310330;08/01/2019;110.50;12.90
22377047000101;2810036459;4310330;10/01/2019;19.99;72.90
22377047000101;2810036459;4310330;11/01/2019;96.20;207.80
22377047000101;2810036459;4310330;12/01/2019;0.00;95.00
22377047000101;2810036459;4310330;16/01/2019;0.00;343.80
22377047000101;2810036459;4310330;18/01/2019;362.20;0.00
22377047000101;2810036459;4310330;19/01/2019;144.50;298.60
22377047000101;2810036459;4310330;21/01/2019;129.60;223.20
22377047000101;2810036459;4310330;24/01/2019;234.30;0.00
22377047000101;2810036459;4310330;25/01/2019;20.80;51.60
22377047000101;2810036459;4310330;26/01/2019;396.91;138.30
22377047000101;2810036459;4310330;28/01/2019;87.50;212.20
22377047000101;2810036459;4310330;29/01/2019;522.85;15.80
22377047000101;2810036459;4310330;30/01/2019;0.00;72.20
22377047000101;2810036459;4310330;31/01/2019;56.44;89.90
23515855000150;2810036653;4310330;07/01/2019;1180.00;0.00
23515855000150;2810036653;4310330;19/01/2019;1520.00;0.00
23610674000103;2810036718;4310330;02/01/2019;733.00;883.00
23610674000103;2810036718;4310330;03/01/2019;700.00;160.00
23610674000103;2810036718;4310330;04/01/2019;1035.00;668.00
23610674000103;2810036718;4310330;05/01/2019;1266.00;2123.00
23610674000103;2810036718;4310330;06/01/2019;0.00;180.00
23610674000103;2810036718;4310330;07/01/2019;588.00;190.00
23610674000103;2810036718;4310330;08/01/2019;272.00;107.00
23610674000103;2810036718;4310330;09/01/2019;125.00;0.00
23610674000103;2810036718;4310330;10/01/2019;1069.00;178.00
23610674000103;2810036718;4310330;11/01/2019;1213.00;140.00
23610674000103;2810036718;4310330;12/01/2019;310.00;960.00
23610674000103;2810036718;4310330;14/01/2019;340.00;751.00
23610674000103;2810036718;4310330;15/01/2019;395.00;435.00
23610674000103;2810036718;4310330;16/01/2019;378.00;586.00
23610674000103;2810036718;4310330;17/01/2019;750.00;376.00
23610674000103;2810036718;4310330;18/01/2019;1261.00;310.00
23610674000103;2810036718;4310330;19/01/2019;1210.00;0.00
23610674000103;2810036718;4310330;20/01/2019;0.00;200.00
23610674000103;2810036718;4310330;21/01/2019;1296.00;1037.00
23610674000103;2810036718;4310330;22/01/2019;308.00;100.00
23610674000103;2810036718;4310330;23/01/2019;540.00;426.00
23610674000103;2810036718;4310330;24/01/2019;67.00;0.00
23610674000103;2810036718;4310330;25/01/2019;558.00;323.00
23610674000103;2810036718;4310330;26/01/2019;350.00;424.00
23610674000103;2810036718;4310330;27/01/2019;0.00;350.00
23610674000103;2810036718;4310330;28/01/2019;729.00;1460.00
23610674000103;2810036718;4310330;29/01/2019;330.00;1193.00
23610674000103;2810036718;4310330;30/01/2019;592.00;355.00
23610674000103;2810036718;4310330;31/01/2019;508.00;0.00
24181409000110;2810036998;4310330;01/01/2019;491.71;861.44
24181409000110;2810036998;4310330;02/01/2019;1042.78;205.59
24181409000110;2810036998;4310330;03/01/2019;32.72;143.86
24181409000110;2810036998;4310330;04/01/2019;77.60;352.05
24181409000110;2810036998;4310330;05/01/2019;129.29;0.00
24181409000110;2810036998;4310330;06/01/2019;56.48;163.17
24181409000110;2810036998;4310330;07/01/2019;37.41;0.00
24181409000110;2810036998;4310330;08/01/2019;14.00;0.00
24181409000110;2810036998;4310330;09/01/2019;194.62;172.04
24181409000110;2810036998;4310330;10/01/2019;63.91;0.00
24181409000110;2810036998;4310330;11/01/2019;0.00;16.49
24181409000110;2810036998;4310330;12/01/2019;195.03;143.96
24181409000110;2810036998;4310330;13/01/2019;300.04;219.75
24181409000110;2810036998;4310330;14/01/2019;47.50;46.40
24181409000110;2810036998;4310330;16/01/2019;13.81;109.75
24181409000110;2810036998;4310330;18/01/2019;291.30;57.34
24181409000110;2810036998;4310330;19/01/2019;47.34;93.94
24181409000110;2810036998;4310330;20/01/2019;606.85;137.46
24181409000110;2810036998;4310330;21/01/2019;28.74;0.00
24181409000110;2810036998;4310330;23/01/2019;101.40;92.78
24181409000110;2810036998;4310330;24/01/2019;23.19;101.78
24181409000110;2810036998;4310330;25/01/2019;393.33;302.98
24181409000110;2810036998;4310330;26/01/2019;202.09;147.45
24181409000110;2810036998;4310330;27/01/2019;267.70;0.00
24181409000110;2810036998;4310330;28/01/2019;0.00;53.64
24181409000110;2810036998;4310330;29/01/2019;0.00;10.74
24181409000110;2810036998;4310330;30/01/2019;83.64;0.00
24181409000110;2810036998;4310330;31/01/2019;58.88;242.96
24405204000170;2810037200;4310330;01/01/2019;1407.12;3040.52
24405204000170;2810037200;4310330;02/01/2019;2175.67;6332.67
24405204000170;2810037200;4310330;03/01/2019;1941.89;5478.98
24405204000170;2810037200;4310330;04/01/2019;1775.25;5772.06
24405204000170;2810037200;4310330;05/01/2019;2178.94;6343.04
24405204000170;2810037200;4310330;06/01/2019;860.31;4228.65
24405204000170;2810037200;4310330;07/01/2019;769.91;3603.03
24405204000170;2810037200;4310330;08/01/2019;968.47;2379.49
24405204000170;2810037200;4310330;09/01/2019;1059.23;3856.73
24405204000170;2810037200;4310330;10/01/2019;1168.17;3261.26
24405204000170;2810037200;4310330;11/01/2019;1615.77;4249.71
24405204000170;2810037200;4310330;12/01/2019;2620.71;5155.08
24405204000170;2810037200;4310330;13/01/2019;1770.29;4068.55
24405204000170;2810037200;4310330;14/01/2019;1149.57;2410.60
24405204000170;2810037200;4310330;15/01/2019;1359.21;2618.23
24405204000170;2810037200;4310330;16/01/2019;586.46;3366.50
24405204000170;2810037200;4310330;17/01/2019;1349.02;3043.70
24405204000170;2810037200;4310330;18/01/2019;2388.43;4524.80
24405204000170;2810037200;4310330;19/01/2019;3122.05;6340.15
24405204000170;2810037200;4310330;20/01/2019;1964.71;3436.06
24405204000170;2810037200;4310330;21/01/2019;614.52;3691.84
24405204000170;2810037200;4310330;22/01/2019;1291.01;2833.67
24405204000170;2810037200;4310330;23/01/2019;1841.19;3009.67
24405204000170;2810037200;4310330;24/01/2019;1852.88;2439.21
24405204000170;2810037200;4310330;25/01/2019;2851.47;4032.32
24405204000170;2810037200;4310330;26/01/2019;3601.91;8149.38
24405204000170;2810037200;4310330;27/01/2019;1961.59;4437.70
24405204000170;2810037200;4310330;28/01/2019;1645.43;2417.21
24405204000170;2810037200;4310330;29/01/2019;1518.05;2653.40
24405204000170;2810037200;4310330;30/01/2019;1835.07;2473.84
24405204000170;2810037200;4310330;31/01/2019;2531.90;3295.95
00532980000173;2810037242;4310330;01/01/2019;575.00;839.00
00532980000173;2810037242;4310330;02/01/2019;213.00;345.00
00532980000173;2810037242;4310330;03/01/2019;152.00;574.50
00532980000173;2810037242;4310330;04/01/2019;237.00;378.00
00532980000173;2810037242;4310330;05/01/2019;248.00;295.00
00532980000173;2810037242;4310330;06/01/2019;61.00;260.00
00532980000173;2810037242;4310330;08/01/2019;113.00;236.00
00532980000173;2810037242;4310330;09/01/2019;68.00;277.00
00532980000173;2810037242;4310330;10/01/2019;198.00;143.00
00532980000173;2810037242;4310330;11/01/2019;142.00;277.00
00532980000173;2810037242;4310330;12/01/2019;295.00;257.00
00532980000173;2810037242;4310330;13/01/2019;108.00;308.00
00532980000173;2810037242;4310330;14/01/2019;64.00;34.00
00532980000173;2810037242;4310330;15/01/2019;88.00;257.00
00532980000173;2810037242;4310330;16/01/2019;28.00;169.00
00532980000173;2810037242;4310330;17/01/2019;163.00;175.00
00532980000173;2810037242;4310330;18/01/2019;201.00;376.00
00532980000173;2810037242;4310330;19/01/2019;218.00;239.00
00532980000173;2810037242;4310330;20/01/2019;74.00;160.00
00532980000173;2810037242;4310330;21/01/2019;69.00;0.00
00532980000173;2810037242;4310330;22/01/2019;0.00;184.00
00532980000173;2810037242;4310330;23/01/2019;164.00;45.00
00532980000173;2810037242;4310330;24/01/2019;62.00;149.00
00532980000173;2810037242;4310330;25/01/2019;166.00;42.00
00532980000173;2810037242;4310330;26/01/2019;241.00;202.00
00532980000173;2810037242;4310330;27/01/2019;141.00;150.00
00532980000173;2810037242;4310330;28/01/2019;49.00;0.00
00532980000173;2810037242;4310330;29/01/2019;230.00;106.00
00532980000173;2810037242;4310330;30/01/2019;72.00;14.00
00532980000173;2810037242;4310330;31/01/2019;93.00;129.00
25205009000160;2810037307;4310330;03/01/2019;10.00;0.00
25205009000160;2810037307;4310330;24/01/2019;10.00;0.00
26137183000185;2810037412;4321204;02/01/2019;1188.00;0.00
26137183000185;2810037412;4321204;04/01/2019;0.00;52.85
26137183000185;2810037412;4321204;07/01/2019;0.00;160.00
26137183000185;2810037412;4321204;10/01/2019;0.00;530.44
26137183000185;2810037412;4321204;16/01/2019;0.00;109.00
26137183000185;2810037412;4321204;25/01/2019;0.00;1100.00
26137183000185;2810037412;4321204;27/01/2019;532.30;0.00
27978466000112;2810037943;4310330;04/01/2019;25.00;0.00
27978466000112;2810037943;4310330;11/01/2019;15.00;55.00
27978466000112;2810037943;4310330;12/01/2019;15.00;20.00
27978466000112;2810037943;4310330;15/01/2019;10.00;25.00
27978466000112;2810037943;4310330;16/01/2019;170.00;126.00
27978466000112;2810037943;4310330;21/01/2019;105.00;0.00
02875717000293;2810038125;4313409;01/01/2019;310.65;694.84
02875717000293;2810038125;4313409;02/01/2019;185.23;290.25
02875717000293;2810038125;4313409;03/01/2019;98.00;112.24
02875717000293;2810038125;4313409;04/01/2019;40.49;216.17
02875717000293;2810038125;4313409;05/01/2019;74.50;250.47
02875717000293;2810038125;4313409;06/01/2019;0.00;147.82
02875717000293;2810038125;4313409;07/01/2019;37.45;72.55
02875717000293;2810038125;4313409;08/01/2019;0.00;73.90
02875717000293;2810038125;4313409;09/01/2019;0.00;86.46
02875717000293;2810038125;4313409;10/01/2019;0.00;38.70
02875717000293;2810038125;4313409;11/01/2019;26.06;93.11
02875717000293;2810038125;4313409;12/01/2019;0.00;86.14
02875717000293;2810038125;4313409;13/01/2019;161.85;139.64
02875717000293;2810038125;4313409;14/01/2019;74.50;18.00
02875717000293;2810038125;4313409;15/01/2019;31.00;0.00
02875717000293;2810038125;4313409;16/01/2019;12.17;57.99
02875717000293;2810038125;4313409;18/01/2019;73.10;42.50
02875717000293;2810038125;4313409;19/01/2019;63.13;130.26
02875717000293;2810038125;4313409;20/01/2019;68.78;179.86
02875717000293;2810038125;4313409;21/01/2019;0.00;35.28
02875717000293;2810038125;4313409;22/01/2019;31.62;128.40
02875717000293;2810038125;4313409;23/01/2019;52.61;82.10
02875717000293;2810038125;4313409;24/01/2019;16.24;52.48
02875717000293;2810038125;4313409;25/01/2019;82.23;126.58
02875717000293;2810038125;4313409;26/01/2019;90.77;139.44
02875717000293;2810038125;4313409;27/01/2019;92.15;80.55
02875717000293;2810038125;4313409;28/01/2019;0.00;61.92
02875717000293;2810038125;4313409;29/01/2019;0.00;58.23
02875717000293;2810038125;4313409;30/01/2019;25.00;36.85
02875717000293;2810038125;4313409;31/01/2019;26.80;133.22
28620406000196;2810038141;4310330;02/01/2019;15938.04;0.00
28620406000196;2810038141;4310330;03/01/2019;100.00;8.90
28620406000196;2810038141;4310330;04/01/2019;1464.50;0.00
28620406000196;2810038141;4310330;05/01/2019;10947.90;0.00
28620406000196;2810038141;4310330;07/01/2019;19.90;0.00
28620406000196;2810038141;4310330;09/01/2019;39.80;0.00
28620406000196;2810038141;4310330;10/01/2019;179.70;0.00
28620406000196;2810038141;4310330;11/01/2019;0.00;180.00
28620406000196;2810038141;4310330;12/01/2019;115.90;0.00
28620406000196;2810038141;4310330;14/01/2019;180.80;0.00
28620406000196;2810038141;4310330;15/01/2019;284.80;0.00
28620406000196;2810038141;4310330;16/01/2019;249.00;8.90
28620406000196;2810038141;4310330;17/01/2019;7034.90;0.00
28620406000196;2810038141;4310330;18/01/2019;364.60;0.00
28620406000196;2810038141;4310330;19/01/2019;6145.70;64.80
28620406000196;2810038141;4310330;22/01/2019;3111.10;0.00
28620406000196;2810038141;4310330;23/01/2019;250.00;0.00
28620406000196;2810038141;4310330;24/01/2019;129.00;0.00
28620406000196;2810038141;4310330;25/01/2019;39.80;0.00
28620406000196;2810038141;4310330;26/01/2019;272.50;0.00
28620406000196;2810038141;4310330;28/01/2019;235.50;0.00
28620406000196;2810038141;4310330;29/01/2019;0.00;35.00
28620406000196;2810038141;4310330;30/01/2019;145.60;0.00
28620406000196;2810038141;4310330;31/01/2019;123.60;19.90
20492826000122;2810038168;4310330;02/01/2019;88.50;142.00
20492826000122;2810038168;4310330;05/01/2019;0.00;10.00
20492826000122;2810038168;4310330;06/01/2019;0.00;11.50
20492826000122;2810038168;4310330;07/01/2019;19.00;0.00
20492826000122;2810038168;4310330;17/01/2019;0.00;20.00
20492826000122;2810038168;4310330;18/01/2019;0.00;30.00
20492826000122;2810038168;4310330;19/01/2019;90.85;54.00
20492826000122;2810038168;4310330;20/01/2019;48.00;58.00
20492826000122;2810038168;4310330;22/01/2019;0.00;30.00
20492826000122;2810038168;4310330;23/01/2019;40.00;32.50
20492826000122;2810038168;4310330;24/01/2019;27.50;0.00
20492826000122;2810038168;4310330;27/01/2019;0.00;32.35
20492826000122;2810038168;4310330;31/01/2019;38.00;0.00
27884712000177;2810038362;4321600;01/01/2019;621.00;1080.40
27884712000177;2810038362;4321600;02/01/2019;125.00;366.00
27884712000177;2810038362;4321600;03/01/2019;419.80;556.50
27884712000177;2810038362;4321600;04/01/2019;360.80;729.00
27884712000177;2810038362;4321600;05/01/2019;410.00;970.40
27884712000177;2810038362;4321600;06/01/2019;275.80;584.00
27884712000177;2810038362;4321600;08/01/2019;367.30;393.70
27884712000177;2810038362;4321600;09/01/2019;149.50;490.80
27884712000177;2810038362;4321600;10/01/2019;0.00;315.50
27884712000177;2810038362;4321600;11/01/2019;502.00;328.50
27884712000177;2810038362;4321600;12/01/2019;505.90;816.40
27884712000177;2810038362;4321600;13/01/2019;402.50;697.60
27884712000177;2810038362;4321600;15/01/2019;399.00;408.60
27884712000177;2810038362;4321600;16/01/2019;190.80;345.70
27884712000177;2810038362;4321600;17/01/2019;244.70;258.70
27884712000177;2810038362;4321600;18/01/2019;221.40;487.50
27884712000177;2810038362;4321600;19/01/2019;396.50;443.50
27884712000177;2810038362;4321600;20/01/2019;365.00;526.00
27884712000177;2810038362;4321600;22/01/2019;229.50;280.00
27884712000177;2810038362;4321600;23/01/2019;129.00;453.30
27884712000177;2810038362;4321600;24/01/2019;59.00;419.90
27884712000177;2810038362;4321600;25/01/2019;366.40;676.40
27884712000177;2810038362;4321600;26/01/2019;464.00;641.00
27884712000177;2810038362;4321600;27/01/2019;426.50;979.00
27884712000177;2810038362;4321600;28/01/2019;129.00;25.00
27884712000177;2810038362;4321600;29/01/2019;86.80;336.80
27884712000177;2810038362;4321600;30/01/2019;301.40;242.00
27884712000177;2810038362;4321600;31/01/2019;59.00;148.00
29456369000195;2810038427;4304606;01/01/2019;614.30;399.60
29456369000195;2810038427;4304606;02/01/2019;1453.50;813.90
29456369000195;2810038427;4304606;03/01/2019;1337.20;339.60
29456369000195;2810038427;4304606;04/01/2019;3206.90;614.00
29456369000195;2810038427;4304606;05/01/2019;1518.00;1051.70
29456369000195;2810038427;4304606;06/01/2019;1118.40;789.50
29456369000195;2810038427;4304606;07/01/2019;964.10;659.10
29456369000195;2810038427;4304606;08/01/2019;639.20;739.60
29456369000195;2810038427;4304606;09/01/2019;1441.20;1323.50
29456369000195;2810038427;4304606;10/01/2019;1168.50;419.60
29456369000195;2810038427;4304606;11/01/2019;1892.80;1107.30
29456369000195;2810038427;4304606;12/01/2019;1523.70;1289.00
29456369000195;2810038427;4304606;13/01/2019;919.10;1418.40
29456369000195;2810038427;4304606;14/01/2019;943.10;324.60
29456369000195;2810038427;4304606;15/01/2019;1093.40;614.60
29456369000195;2810038427;4304606;16/01/2019;804.20;849.10
29456369000195;2810038427;4304606;17/01/2019;1728.40;848.60
29456369000195;2810038427;4304606;18/01/2019;1073.90;1328.50
29456369000195;2810038427;4304606;19/01/2019;1771.99;1539.00
29456369000195;2810038427;4304606;20/01/2019;1133.60;769.80
29456369000195;2810038427;4304606;21/01/2019;1088.40;627.60
29456369000195;2810038427;4304606;22/01/2019;459.30;334.70
29456369000195;2810038427;4304606;23/01/2019;539.40;189.70
29456369000195;2810038427;4304606;24/01/2019;824.00;663.70
29456369000195;2810038427;4304606;25/01/2019;504.50;25.00
29456369000195;2810038427;4304606;26/01/2019;309.60;109.80
29456369000195;2810038427;4304606;27/01/2019;734.20;460.20
29456369000195;2810038427;4304606;28/01/2019;179.90;124.80
29456369000195;2810038427;4304606;29/01/2019;219.80;319.60
29456369000195;2810038427;4304606;30/01/2019;125.00;75.00
29456369000195;2810038427;4304606;31/01/2019;2121.30;219.90
29481746000146;2810038435;4310330;01/01/2019;1210.00;2132.51
29481746000146;2810038435;4310330;02/01/2019;1435.50;963.00
29481746000146;2810038435;4310330;03/01/2019;409.00;257.00
29481746000146;2810038435;4310330;04/01/2019;438.00;307.50
29481746000146;2810038435;4310330;05/01/2019;906.00;963.00
29481746000146;2810038435;4310330;06/01/2019;408.00;958.00
29481746000146;2810038435;4310330;07/01/2019;70.00;225.00
29481746000146;2810038435;4310330;08/01/2019;282.00;273.00
29481746000146;2810038435;4310330;09/01/2019;58.00;318.00
29481746000146;2810038435;4310330;10/01/2019;253.00;170.00
29481746000146;2810038435;4310330;11/01/2019;562.00;201.00
29481746000146;2810038435;4310330;12/01/2019;584.00;518.00
29481746000146;2810038435;4310330;13/01/2019;864.00;841.00
29481746000146;2810038435;4310330;14/01/2019;387.00;381.00
29481746000146;2810038435;4310330;15/01/2019;253.00;60.00
29481746000146;2810038435;4310330;16/01/2019;194.00;530.00
29481746000146;2810038435;4310330;17/01/2019;156.00;348.00
29481746000146;2810038435;4310330;18/01/2019;169.00;40.00
29481746000146;2810038435;4310330;20/01/2019;572.00;388.00
29481746000146;2810038435;4310330;21/01/2019;161.00;30.00
29481746000146;2810038435;4310330;22/01/2019;346.00;419.00
29481746000146;2810038435;4310330;23/01/2019;551.00;256.00
29481746000146;2810038435;4310330;24/01/2019;452.00;258.00
29481746000146;2810038435;4310330;25/01/2019;248.00;871.50
29481746000146;2810038435;4310330;26/01/2019;1295.00;1626.00
29481746000146;2810038435;4310330;27/01/2019;1165.00;1442.00
29481746000146;2810038435;4310330;28/01/2019;331.00;618.00
29481746000146;2810038435;4310330;29/01/2019;199.00;80.00
29481746000146;2810038435;4310330;30/01/2019;321.00;442.00
29481746000146;2810038435;4310330;31/01/2019;511.00;100.00
19132843000170;2810038710;4321600;01/01/2019;0.00;190.00
19132843000170;2810038710;4321600;04/01/2019;0.00;520.00
19132843000170;2810038710;4321600;05/01/2019;1529.00;180.00
19132843000170;2810038710;4321600;06/01/2019;0.00;600.00
19132843000170;2810038710;4321600;07/01/2019;100.00;0.00
19132843000170;2810038710;4321600;09/01/2019;579.80;0.00
19132843000170;2810038710;4321600;10/01/2019;0.00;130.00
19132843000170;2810038710;4321600;12/01/2019;0.00;500.00
19132843000170;2810038710;4321600;14/01/2019;380.00;0.00
19132843000170;2810038710;4321600;15/01/2019;110.00;0.00
19132843000170;2810038710;4321600;19/01/2019;610.00;400.00
19132843000170;2810038710;4321600;20/01/2019;0.00;150.00
19132843000170;2810038710;4321600;22/01/2019;360.00;0.00
19132843000170;2810038710;4321600;23/01/2019;400.00;0.00
19132843000170;2810038710;4321600;25/01/2019;0.00;1250.00
19132843000170;2810038710;4321600;27/01/2019;100.00;150.00
19132843000170;2810038710;4321600;29/01/2019;0.00;200.00
19132843000170;2810038710;4321600;31/01/2019;380.00;200.00
 