CNPJ;INSCRICAOESTADUAL;COD_IBGE;DT_OPE;VLR_CARTAO_CRED;VLR_CARTAO_DEB
89811772000117;2810000330;0;01/01/2019;0.00;294.09
89811772000117;2810000330;0;02/01/2019;0.00;144.71
89811772000117;2810000330;0;03/01/2019;0.00;92.39
89811772000117;2810000330;0;04/01/2019;0.00;150.76
89811772000117;2810000330;0;05/01/2019;0.00;83.96
89811772000117;2810000330;0;06/01/2019;0.00;24.19
89811772000117;2810000330;0;07/01/2019;0.00;19.77
89811772000117;2810000330;0;08/01/2019;0.00;113.59
89811772000117;2810000330;0;09/01/2019;0.00;100.59
89811772000117;2810000330;0;10/01/2019;0.00;75.94
89811772000117;2810000330;0;12/01/2019;0.00;133.32
89811772000117;2810000330;0;13/01/2019;0.00;5.98
89811772000117;2810000330;0;15/01/2019;0.00;47.21
89811772000117;2810000330;0;17/01/2019;0.00;12.60
89811772000117;2810000330;0;19/01/2019;0.00;105.97
89811772000117;2810000330;0;21/01/2019;0.00;42.00
89811772000117;2810000330;0;23/01/2019;0.00;180.62
89811772000117;2810000330;0;24/01/2019;0.00;41.73
89811772000117;2810000330;0;25/01/2019;0.00;25.57
89811772000117;2810000330;0;26/01/2019;0.00;102.75
89811772000117;2810000330;0;27/01/2019;0.00;41.97
89811772000117;2810000330;0;28/01/2019;0.00;37.53
94804002000187;2810007556;0;01/01/2019;0.00;184.11
94804002000187;2810007556;0;02/01/2019;0.00;13.39
94804002000187;2810007556;0;03/01/2019;0.00;36.63
94804002000187;2810007556;0;04/01/2019;0.00;87.94
94804002000187;2810007556;0;05/01/2019;0.00;269.63
94804002000187;2810007556;0;06/01/2019;0.00;190.89
94804002000187;2810007556;0;07/01/2019;0.00;38.76
94804002000187;2810007556;0;09/01/2019;0.00;68.59
94804002000187;2810007556;0;10/01/2019;0.00;166.76
94804002000187;2810007556;0;11/01/2019;0.00;114.90
94804002000187;2810007556;0;12/01/2019;0.00;155.17
94804002000187;2810007556;0;13/01/2019;0.00;52.28
94804002000187;2810007556;0;14/01/2019;0.00;105.62
94804002000187;2810007556;0;15/01/2019;0.00;102.67
94804002000187;2810007556;0;16/01/2019;0.00;216.44
94804002000187;2810007556;0;17/01/2019;0.00;179.14
94804002000187;2810007556;0;18/01/2019;0.00;159.30
94804002000187;2810007556;0;19/01/2019;0.00;35.90
94804002000187;2810007556;0;20/01/2019;0.00;189.54
94804002000187;2810007556;0;21/01/2019;0.00;53.40
94804002000187;2810007556;0;22/01/2019;0.00;19.52
94804002000187;2810007556;0;23/01/2019;0.00;65.16
94804002000187;2810007556;0;25/01/2019;0.00;81.59
94804002000187;2810007556;0;26/01/2019;0.00;113.98
94804002000187;2810007556;0;27/01/2019;0.00;75.76
94804002000187;2810007556;0;28/01/2019;0.00;9.22
94804002000187;2810007556;0;29/01/2019;0.00;84.10
94804002000187;2810007556;0;30/01/2019;0.00;116.21
94804002000187;2810007556;0;31/01/2019;0.00;57.76
73523367000163;2810009109;0;01/01/2019;0.00;1010.91
73523367000163;2810009109;0;02/01/2019;0.00;265.50
73523367000163;2810009109;0;03/01/2019;0.00;302.10
73523367000163;2810009109;0;04/01/2019;0.00;256.57
73523367000163;2810009109;0;05/01/2019;0.00;670.36
73523367000163;2810009109;0;06/01/2019;0.00;428.75
73523367000163;2810009109;0;07/01/2019;0.00;202.90
73523367000163;2810009109;0;08/01/2019;0.00;133.68
73523367000163;2810009109;0;09/01/2019;0.00;318.36
73523367000163;2810009109;0;10/01/2019;0.00;498.79
73523367000163;2810009109;0;11/01/2019;0.00;199.03
73523367000163;2810009109;0;12/01/2019;0.00;520.29
73523367000163;2810009109;0;13/01/2019;0.00;325.71
73523367000163;2810009109;0;14/01/2019;0.00;107.14
73523367000163;2810009109;0;15/01/2019;0.00;93.21
73523367000163;2810009109;0;16/01/2019;0.00;28.24
73523367000163;2810009109;0;17/01/2019;0.00;56.72
73523367000163;2810009109;0;18/01/2019;0.00;425.49
73523367000163;2810009109;0;19/01/2019;0.00;559.13
73523367000163;2810009109;0;20/01/2019;0.00;564.91
73523367000163;2810009109;0;21/01/2019;0.00;45.22
73523367000163;2810009109;0;22/01/2019;0.00;100.61
73523367000163;2810009109;0;23/01/2019;0.00;174.29
73523367000163;2810009109;0;24/01/2019;0.00;71.28
73523367000163;2810009109;0;25/01/2019;0.00;191.46
73523367000163;2810009109;0;26/01/2019;0.00;439.28
73523367000163;2810009109;0;27/01/2019;0.00;290.21
73523367000163;2810009109;0;28/01/2019;0.00;39.50
73523367000163;2810009109;0;29/01/2019;0.00;540.60
73523367000163;2810009109;0;30/01/2019;0.00;96.46
73523367000163;2810009109;0;31/01/2019;0.00;156.75
92091891000823;2810016016;0;02/01/2019;0.00;3655.75
92091891000823;2810016016;0;03/01/2019;0.00;4188.99
92091891000823;2810016016;0;04/01/2019;0.00;2997.75
92091891000823;2810016016;0;05/01/2019;0.00;4503.05
92091891000823;2810016016;0;06/01/2019;0.00;2524.09
92091891000823;2810016016;0;07/01/2019;0.00;3241.87
92091891000823;2810016016;0;08/01/2019;0.00;1632.13
92091891000823;2810016016;0;09/01/2019;0.00;1380.52
92091891000823;2810016016;0;10/01/2019;0.00;1660.94
92091891000823;2810016016;0;11/01/2019;0.00;2197.95
92091891000823;2810016016;0;12/01/2019;0.00;3767.70
92091891000823;2810016016;0;13/01/2019;0.00;2354.02
92091891000823;2810016016;0;14/01/2019;0.00;4467.63
92091891000823;2810016016;0;15/01/2019;0.00;2496.20
92091891000823;2810016016;0;16/01/2019;0.00;3231.12
92091891000823;2810016016;0;17/01/2019;0.00;1900.42
92091891000823;2810016016;0;18/01/2019;0.00;2657.35
92091891000823;2810016016;0;19/01/2019;0.00;4677.81
92091891000823;2810016016;0;20/01/2019;0.00;2542.92
92091891000823;2810016016;0;21/01/2019;0.00;2392.04
92091891000823;2810016016;0;22/01/2019;0.00;2000.40
92091891000823;2810016016;0;23/01/2019;0.00;1884.40
92091891000823;2810016016;0;24/01/2019;0.00;882.44
92091891000823;2810016016;0;25/01/2019;0.00;1959.84
92091891000823;2810016016;0;26/01/2019;0.00;4444.45
92091891000823;2810016016;0;27/01/2019;0.00;2481.38
92091891000823;2810016016;0;28/01/2019;0.00;1436.24
92091891000823;2810016016;0;29/01/2019;0.00;1070.35
92091891000823;2810016016;0;30/01/2019;0.00;1720.66
92091891000823;2810016016;0;31/01/2019;0.00;2045.94
92665611017576;2810016911;0;01/01/2019;0.00;82.89
92665611017576;2810016911;0;27/01/2019;0.00;15.78
06064801000105;2810023187;0;01/01/2019;0.00;194.00
06064801000105;2810023187;0;03/01/2019;0.00;45.00
06064801000105;2810023187;0;07/01/2019;0.00;20.00
06064801000105;2810023187;0;12/01/2019;0.00;39.00
06064801000105;2810023187;0;22/01/2019;0.00;10.00
06064801000105;2810023187;0;27/01/2019;0.00;32.00
07637108000139;2810025082;0;01/01/2019;0.00;119.29
07637108000139;2810025082;0;02/01/2019;0.00;120.78
07637108000139;2810025082;0;03/01/2019;0.00;126.10
07637108000139;2810025082;0;04/01/2019;0.00;27.50
07637108000139;2810025082;0;05/01/2019;0.00;123.79
07637108000139;2810025082;0;06/01/2019;0.00;128.22
07637108000139;2810025082;0;07/01/2019;0.00;27.54
07637108000139;2810025082;0;08/01/2019;0.00;21.36
07637108000139;2810025082;0;09/01/2019;0.00;26.09
07637108000139;2810025082;0;10/01/2019;0.00;14.97
07637108000139;2810025082;0;11/01/2019;0.00;20.99
07637108000139;2810025082;0;12/01/2019;0.00;175.44
07637108000139;2810025082;0;13/01/2019;0.00;39.92
07637108000139;2810025082;0;14/01/2019;0.00;61.34
07637108000139;2810025082;0;15/01/2019;0.00;41.45
07637108000139;2810025082;0;16/01/2019;0.00;41.48
07637108000139;2810025082;0;18/01/2019;0.00;44.84
07637108000139;2810025082;0;19/01/2019;0.00;14.54
07637108000139;2810025082;0;20/01/2019;0.00;47.70
07637108000139;2810025082;0;21/01/2019;0.00;11.40
07637108000139;2810025082;0;23/01/2019;0.00;64.36
07637108000139;2810025082;0;24/01/2019;0.00;2.75
07637108000139;2810025082;0;25/01/2019;0.00;44.45
07637108000139;2810025082;0;26/01/2019;0.00;91.31
07637108000139;2810025082;0;27/01/2019;0.00;59.03
07637108000139;2810025082;0;28/01/2019;0.00;30.54
07675591000146;2810025570;0;18/01/2019;0.00;95.00
93209765029360;2810026330;0;01/01/2019;0.00;1463.08
93209765029360;2810026330;0;02/01/2019;0.00;3472.37
93209765029360;2810026330;0;03/01/2019;0.00;2731.23
93209765029360;2810026330;0;04/01/2019;0.00;4213.44
93209765029360;2810026330;0;05/01/2019;0.00;4798.84
93209765029360;2810026330;0;06/01/2019;0.00;1696.82
93209765029360;2810026330;0;07/01/2019;0.00;2757.01
93209765029360;2810026330;0;08/01/2019;0.00;1686.29
93209765029360;2810026330;0;09/01/2019;0.00;2459.53
93209765029360;2810026330;0;10/01/2019;0.00;1443.40
93209765029360;2810026330;0;11/01/2019;0.00;2485.70
93209765029360;2810026330;0;12/01/2019;0.00;2721.85
93209765029360;2810026330;0;13/01/2019;0.00;1242.21
93209765029360;2810026330;0;14/01/2019;0.00;2119.35
93209765029360;2810026330;0;15/01/2019;0.00;1614.10
93209765029360;2810026330;0;16/01/2019;0.00;1398.32
93209765029360;2810026330;0;17/01/2019;0.00;1242.60
93209765029360;2810026330;0;18/01/2019;0.00;2128.13
93209765029360;2810026330;0;19/01/2019;0.00;3579.96
93209765029360;2810026330;0;20/01/2019;0.00;1424.93
93209765029360;2810026330;0;21/01/2019;0.00;1678.95
93209765029360;2810026330;0;22/01/2019;0.00;1925.93
93209765029360;2810026330;0;23/01/2019;0.00;1161.81
93209765029360;2810026330;0;24/01/2019;0.00;1163.44
93209765029360;2810026330;0;25/01/2019;0.00;2590.10
93209765029360;2810026330;0;26/01/2019;0.00;2747.36
93209765029360;2810026330;0;27/01/2019;0.00;1512.75
93209765029360;2810026330;0;28/01/2019;0.00;1912.07
93209765029360;2810026330;0;29/01/2019;0.00;2340.67
93209765029360;2810026330;0;30/01/2019;0.00;1208.88
93209765029360;2810026330;0;31/01/2019;0.00;3334.10
04493675000170;2810028634;0;01/01/2019;0.00;259.62
04493675000170;2810028634;0;02/01/2019;0.00;624.36
04493675000170;2810028634;0;03/01/2019;0.00;229.99
04493675000170;2810028634;0;04/01/2019;0.00;84.69
04493675000170;2810028634;0;05/01/2019;0.00;697.80
04493675000170;2810028634;0;06/01/2019;0.00;805.10
04493675000170;2810028634;0;07/01/2019;0.00;218.90
04493675000170;2810028634;0;08/01/2019;0.00;285.94
04493675000170;2810028634;0;09/01/2019;0.00;210.11
04493675000170;2810028634;0;10/01/2019;0.00;119.12
04493675000170;2810028634;0;11/01/2019;0.00;256.92
04493675000170;2810028634;0;12/01/2019;0.00;347.31
04493675000170;2810028634;0;13/01/2019;0.00;139.52
04493675000170;2810028634;0;14/01/2019;0.00;313.03
04493675000170;2810028634;0;15/01/2019;0.00;36.87
04493675000170;2810028634;0;16/01/2019;0.00;16.72
04493675000170;2810028634;0;17/01/2019;0.00;65.08
04493675000170;2810028634;0;18/01/2019;0.00;174.38
04493675000170;2810028634;0;19/01/2019;0.00;924.57
04493675000170;2810028634;0;20/01/2019;0.00;364.59
04493675000170;2810028634;0;21/01/2019;0.00;182.72
04493675000170;2810028634;0;22/01/2019;0.00;238.65
04493675000170;2810028634;0;23/01/2019;0.00;251.37
04493675000170;2810028634;0;24/01/2019;0.00;204.27
04493675000170;2810028634;0;25/01/2019;0.00;218.37
04493675000170;2810028634;0;26/01/2019;0.00;348.96
04493675000170;2810028634;0;27/01/2019;0.00;346.68
04493675000170;2810028634;0;28/01/2019;0.00;39.22
04493675000170;2810028634;0;29/01/2019;0.00;130.73
04493675000170;2810028634;0;30/01/2019;0.00;61.98
04493675000170;2810028634;0;31/01/2019;0.00;56.20
12077340000108;2810031430;0;01/01/2019;0.00;96.16
12077340000108;2810031430;0;02/01/2019;0.00;34.82
11821552000187;2810032186;0;01/01/2019;0.00;21.46
11821552000187;2810032186;0;04/01/2019;0.00;10.07
11821552000187;2810032186;0;05/01/2019;0.00;58.98
11821552000187;2810032186;0;07/01/2019;0.00;45.53
11821552000187;2810032186;0;10/01/2019;0.00;6.38
11821552000187;2810032186;0;12/01/2019;0.00;16.67
11821552000187;2810032186;0;21/01/2019;0.00;15.98
11821552000187;2810032186;0;22/01/2019;0.00;37.13
11821552000187;2810032186;0;26/01/2019;0.00;69.38
11821552000187;2810032186;0;27/01/2019;0.00;21.62
13742529000122;2810032666;0;01/01/2019;0.00;86.00
13742529000122;2810032666;0;02/01/2019;0.00;131.50
13742529000122;2810032666;0;03/01/2019;0.00;77.00
13742529000122;2810032666;0;04/01/2019;0.00;18.00
13742529000122;2810032666;0;05/01/2019;0.00;86.50
13742529000122;2810032666;0;06/01/2019;0.00;7.00
13742529000122;2810032666;0;07/01/2019;0.00;18.00
13742529000122;2810032666;0;08/01/2019;0.00;62.00
13742529000122;2810032666;0;09/01/2019;0.00;98.15
13742529000122;2810032666;0;11/01/2019;0.00;44.00
13742529000122;2810032666;0;12/01/2019;0.00;206.20
13742529000122;2810032666;0;14/01/2019;0.00;75.00
13742529000122;2810032666;0;15/01/2019;0.00;47.00
13742529000122;2810032666;0;17/01/2019;0.00;22.90
13742529000122;2810032666;0;18/01/2019;0.00;23.00
13742529000122;2810032666;0;20/01/2019;0.00;27.00
13742529000122;2810032666;0;21/01/2019;0.00;26.00
13742529000122;2810032666;0;24/01/2019;0.00;74.00
13742529000122;2810032666;0;27/01/2019;0.00;44.00
13742529000122;2810032666;0;29/01/2019;0.00;34.50
13742529000122;2810032666;0;30/01/2019;0.00;14.00
13742529000122;2810032666;0;31/01/2019;0.00;130.00
15450665000174;2810033646;0;01/01/2019;0.00;343.97
15450665000174;2810033646;0;02/01/2019;0.00;180.69
15450665000174;2810033646;0;03/01/2019;0.00;78.88
15450665000174;2810033646;0;04/01/2019;0.00;39.62
15450665000174;2810033646;0;05/01/2019;0.00;67.31
15450665000174;2810033646;0;06/01/2019;0.00;84.88
15450665000174;2810033646;0;07/01/2019;0.00;141.64
15450665000174;2810033646;0;08/01/2019;0.00;107.77
15450665000174;2810033646;0;09/01/2019;0.00;49.69
15450665000174;2810033646;0;10/01/2019;0.00;83.77
15450665000174;2810033646;0;12/01/2019;0.00;443.00
15450665000174;2810033646;0;13/01/2019;0.00;44.85
15450665000174;2810033646;0;14/01/2019;0.00;219.93
15450665000174;2810033646;0;15/01/2019;0.00;10.98
15450665000174;2810033646;0;16/01/2019;0.00;52.31
15450665000174;2810033646;0;17/01/2019;0.00;50.34
15450665000174;2810033646;0;18/01/2019;0.00;72.53
15450665000174;2810033646;0;19/01/2019;0.00;40.58
15450665000174;2810033646;0;22/01/2019;0.00;4.96
15450665000174;2810033646;0;23/01/2019;0.00;34.40
15450665000174;2810033646;0;25/01/2019;0.00;9.00
15450665000174;2810033646;0;26/01/2019;0.00;312.95
15450665000174;2810033646;0;27/01/2019;0.00;287.42
15450665000174;2810033646;0;28/01/2019;0.00;217.44
15450665000174;2810033646;0;29/01/2019;0.00;6.19
15450665000174;2810033646;0;30/01/2019;0.00;11.70
15450665000174;2810033646;0;31/01/2019;0.00;75.45
92091891002524;2810034103;0;02/01/2019;0.00;8967.10
92091891002524;2810034103;0;03/01/2019;0.00;8561.09
92091891002524;2810034103;0;04/01/2019;0.00;5107.83
92091891002524;2810034103;0;05/01/2019;0.00;8898.92
92091891002524;2810034103;0;06/01/2019;0.00;3425.18
92091891002524;2810034103;0;07/01/2019;0.00;3978.08
92091891002524;2810034103;0;08/01/2019;0.00;4011.49
92091891002524;2810034103;0;09/01/2019;0.00;4712.49
92091891002524;2810034103;0;10/01/2019;0.00;1776.45
92091891002524;2810034103;0;11/01/2019;0.00;3794.11
92091891002524;2810034103;0;12/01/2019;0.00;7080.81
92091891002524;2810034103;0;13/01/2019;0.00;3468.83
92091891002524;2810034103;0;14/01/2019;0.00;4324.74
92091891002524;2810034103;0;15/01/2019;0.00;3555.98
92091891002524;2810034103;0;16/01/2019;0.00;4435.54
92091891002524;2810034103;0;17/01/2019;0.00;4451.90
92091891002524;2810034103;0;18/01/2019;0.00;5434.44
92091891002524;2810034103;0;19/01/2019;0.00;11075.27
92091891002524;2810034103;0;20/01/2019;0.00;4747.08
92091891002524;2810034103;0;21/01/2019;0.00;4650.70
92091891002524;2810034103;0;22/01/2019;0.00;3651.82
92091891002524;2810034103;0;23/01/2019;0.00;2747.99
92091891002524;2810034103;0;24/01/2019;0.00;2799.84
92091891002524;2810034103;0;25/01/2019;0.00;5817.63
92091891002524;2810034103;0;26/01/2019;0.00;5773.50
92091891002524;2810034103;0;27/01/2019;0.00;3142.00
92091891002524;2810034103;0;28/01/2019;0.00;3153.91
92091891002524;2810034103;0;29/01/2019;0.00;7231.01
92091891002524;2810034103;0;30/01/2019;0.00;4583.94
92091891002524;2810034103;0;31/01/2019;0.00;8473.54
17460174000130;2810034634;0;02/01/2019;0.00;82.20
17460174000130;2810034634;0;03/01/2019;0.00;128.43
17460174000130;2810034634;0;04/01/2019;0.00;75.40
17460174000130;2810034634;0;05/01/2019;0.00;64.00
17460174000130;2810034634;0;07/01/2019;0.00;150.87
17460174000130;2810034634;0;08/01/2019;0.00;128.75
17460174000130;2810034634;0;09/01/2019;0.00;139.10
17460174000130;2810034634;0;10/01/2019;0.00;199.59
17460174000130;2810034634;0;11/01/2019;0.00;137.90
17460174000130;2810034634;0;12/01/2019;0.00;34.44
17460174000130;2810034634;0;14/01/2019;0.00;161.20
17460174000130;2810034634;0;15/01/2019;0.00;186.37
17460174000130;2810034634;0;16/01/2019;0.00;327.05
17460174000130;2810034634;0;17/01/2019;0.00;91.50
17460174000130;2810034634;0;18/01/2019;0.00;162.20
17460174000130;2810034634;0;19/01/2019;0.00;152.96
17460174000130;2810034634;0;21/01/2019;0.00;130.80
17460174000130;2810034634;0;22/01/2019;0.00;83.28
17460174000130;2810034634;0;23/01/2019;0.00;52.86
17460174000130;2810034634;0;24/01/2019;0.00;54.50
17460174000130;2810034634;0;25/01/2019;0.00;50.63
17460174000130;2810034634;0;26/01/2019;0.00;71.00
17460174000130;2810034634;0;28/01/2019;0.00;154.74
17460174000130;2810034634;0;29/01/2019;0.00;20.95
17460174000130;2810034634;0;30/01/2019;0.00;92.10
17460174000130;2810034634;0;31/01/2019;0.00;85.08
19399731000180;2810035436;0;04/01/2019;0.00;8.10
19399731000180;2810035436;0;05/01/2019;0.00;14.85
19399731000180;2810035436;0;07/01/2019;0.00;25.80
19399731000180;2810035436;0;09/01/2019;0.00;10.50
19399731000180;2810035436;0;10/01/2019;0.00;150.00
19399731000180;2810035436;0;11/01/2019;0.00;274.55
19399731000180;2810035436;0;12/01/2019;0.00;213.55
19399731000180;2810035436;0;14/01/2019;0.00;21.00
19399731000180;2810035436;0;15/01/2019;0.00;19.70
19399731000180;2810035436;0;18/01/2019;0.00;55.55
19399731000180;2810035436;0;21/01/2019;0.00;121.60
19399731000180;2810035436;0;22/01/2019;0.00;187.45
19399731000180;2810035436;0;23/01/2019;0.00;115.90
19399731000180;2810035436;0;24/01/2019;0.00;71.40
19399731000180;2810035436;0;30/01/2019;0.00;20.45
21398462000189;2810036106;0;03/01/2019;0.00;112.43
21398462000189;2810036106;0;07/01/2019;0.00;29.42
21398462000189;2810036106;0;11/01/2019;0.00;5.54
21398462000189;2810036106;0;12/01/2019;0.00;25.08
21398462000189;2810036106;0;17/01/2019;0.00;35.10
21398462000189;2810036106;0;19/01/2019;0.00;29.80
21398462000189;2810036106;0;22/01/2019;0.00;20.20
21398462000189;2810036106;0;26/01/2019;0.00;8.75
21398462000189;2810036106;0;28/01/2019;0.00;2.30
24181409000110;2810036998;0;01/01/2019;0.00;608.02
24181409000110;2810036998;0;02/01/2019;0.00;290.63
24181409000110;2810036998;0;03/01/2019;0.00;261.68
24181409000110;2810036998;0;04/01/2019;0.00;451.27
24181409000110;2810036998;0;05/01/2019;0.00;278.49
24181409000110;2810036998;0;06/01/2019;0.00;294.60
24181409000110;2810036998;0;07/01/2019;0.00;119.58
24181409000110;2810036998;0;08/01/2019;0.00;298.74
24181409000110;2810036998;0;09/01/2019;0.00;271.12
24181409000110;2810036998;0;10/01/2019;0.00;87.95
24181409000110;2810036998;0;11/01/2019;0.00;57.34
24181409000110;2810036998;0;12/01/2019;0.00;317.41
24181409000110;2810036998;0;13/01/2019;0.00;303.60
24181409000110;2810036998;0;14/01/2019;0.00;147.07
24181409000110;2810036998;0;15/01/2019;0.00;151.69
24181409000110;2810036998;0;16/01/2019;0.00;293.68
24181409000110;2810036998;0;17/01/2019;0.00;47.54
24181409000110;2810036998;0;18/01/2019;0.00;131.17
24181409000110;2810036998;0;19/01/2019;0.00;149.53
24181409000110;2810036998;0;20/01/2019;0.00;374.69
24181409000110;2810036998;0;21/01/2019;0.00;84.31
24181409000110;2810036998;0;22/01/2019;0.00;118.91
24181409000110;2810036998;0;23/01/2019;0.00;47.20
24181409000110;2810036998;0;24/01/2019;0.00;129.70
24181409000110;2810036998;0;25/01/2019;0.00;102.52
24181409000110;2810036998;0;26/01/2019;0.00;520.60
24181409000110;2810036998;0;27/01/2019;0.00;50.14
24181409000110;2810036998;0;28/01/2019;0.00;207.34
24181409000110;2810036998;0;29/01/2019;0.00;94.07
24181409000110;2810036998;0;30/01/2019;0.00;90.95
24181409000110;2810036998;0;31/01/2019;0.00;342.04
23852720000180;2810037161;0;01/01/2019;0.00;2095.28
23852720000180;2810037161;0;02/01/2019;0.00;2550.24
23852720000180;2810037161;0;03/01/2019;0.00;1475.45
23852720000180;2810037161;0;04/01/2019;0.00;2137.30
23852720000180;2810037161;0;05/01/2019;0.00;2379.15
23852720000180;2810037161;0;06/01/2019;0.00;1489.36
23852720000180;2810037161;0;07/01/2019;0.00;1612.75
23852720000180;2810037161;0;08/01/2019;0.00;827.53
23852720000180;2810037161;0;09/01/2019;0.00;1445.05
23852720000180;2810037161;0;10/01/2019;0.00;1495.18
23852720000180;2810037161;0;11/01/2019;0.00;1918.83
23852720000180;2810037161;0;12/01/2019;0.00;2092.31
23852720000180;2810037161;0;13/01/2019;0.00;1301.28
23852720000180;2810037161;0;14/01/2019;0.00;2458.55
23852720000180;2810037161;0;15/01/2019;0.00;2640.51
23852720000180;2810037161;0;16/01/2019;0.00;2098.79
23852720000180;2810037161;0;17/01/2019;0.00;1427.44
23852720000180;2810037161;0;18/01/2019;0.00;1060.71
23852720000180;2810037161;0;19/01/2019;0.00;2528.61
23852720000180;2810037161;0;20/01/2019;0.00;1039.28
23852720000180;2810037161;0;21/01/2019;0.00;633.92
23852720000180;2810037161;0;22/01/2019;0.00;1038.03
23852720000180;2810037161;0;23/01/2019;0.00;1183.08
23852720000180;2810037161;0;24/01/2019;0.00;600.54
23852720000180;2810037161;0;25/01/2019;0.00;1773.40
23852720000180;2810037161;0;26/01/2019;0.00;2045.00
23852720000180;2810037161;0;27/01/2019;0.00;811.64
23852720000180;2810037161;0;28/01/2019;0.00;867.89
23852720000180;2810037161;0;29/01/2019;0.00;2083.41
23852720000180;2810037161;0;30/01/2019;0.00;1245.90
23852720000180;2810037161;0;31/01/2019;0.00;4709.38
24405204000170;2810037200;0;01/01/2019;0.00;1452.00
24405204000170;2810037200;0;02/01/2019;0.00;2361.14
24405204000170;2810037200;0;03/01/2019;0.00;1487.98
24405204000170;2810037200;0;04/01/2019;0.00;2051.02
24405204000170;2810037200;0;05/01/2019;0.00;2840.75
24405204000170;2810037200;0;06/01/2019;0.00;1185.19
24405204000170;2810037200;0;07/01/2019;0.00;486.87
24405204000170;2810037200;0;08/01/2019;0.00;1122.21
24405204000170;2810037200;0;09/01/2019;0.00;557.02
24405204000170;2810037200;0;10/01/2019;0.00;731.47
24405204000170;2810037200;0;11/01/2019;0.00;812.24
24405204000170;2810037200;0;12/01/2019;0.00;1509.37
24405204000170;2810037200;0;13/01/2019;0.00;1168.61
24405204000170;2810037200;0;14/01/2019;0.00;1025.98
24405204000170;2810037200;0;15/01/2019;0.00;708.28
24405204000170;2810037200;0;16/01/2019;0.00;239.20
24405204000170;2810037200;0;17/01/2019;0.00;624.57
24405204000170;2810037200;0;18/01/2019;0.00;1008.99
24405204000170;2810037200;0;19/01/2019;0.00;1958.88
24405204000170;2810037200;0;20/01/2019;0.00;827.53
24405204000170;2810037200;0;21/01/2019;0.00;446.38
24405204000170;2810037200;0;22/01/2019;0.00;785.08
24405204000170;2810037200;0;23/01/2019;0.00;560.48
24405204000170;2810037200;0;24/01/2019;0.00;862.77
24405204000170;2810037200;0;25/01/2019;0.00;975.95
24405204000170;2810037200;0;26/01/2019;0.00;1314.16
24405204000170;2810037200;0;27/01/2019;0.00;1096.09
24405204000170;2810037200;0;28/01/2019;0.00;254.26
24405204000170;2810037200;0;29/01/2019;0.00;276.37
24405204000170;2810037200;0;30/01/2019;0.00;431.38
24405204000170;2810037200;0;31/01/2019;0.00;783.91
00724253000108;2810037510;0;03/01/2019;0.00;81.00
00724253000108;2810037510;0;04/01/2019;0.00;243.50
00724253000108;2810037510;0;05/01/2019;0.00;67.00
00724253000108;2810037510;0;08/01/2019;0.00;59.00
00724253000108;2810037510;0;10/01/2019;0.00;72.00
00724253000108;2810037510;0;11/01/2019;0.00;112.00
00724253000108;2810037510;0;12/01/2019;0.00;180.00
00724253000108;2810037510;0;13/01/2019;0.00;62.00
00724253000108;2810037510;0;18/01/2019;0.00;68.50
00724253000108;2810037510;0;19/01/2019;0.00;219.00
00724253000108;2810037510;0;23/01/2019;0.00;30.00
00724253000108;2810037510;0;26/01/2019;0.00;108.00
00724253000108;2810037510;0;30/01/2019;0.00;84.00
18198912000266;2810037528;0;01/01/2019;0.00;463.06
18198912000266;2810037528;0;02/01/2019;0.00;482.01
18198912000266;2810037528;0;03/01/2019;0.00;440.19
18198912000266;2810037528;0;04/01/2019;0.00;756.49
18198912000266;2810037528;0;05/01/2019;0.00;487.89
18198912000266;2810037528;0;06/01/2019;0.00;60.00
18198912000266;2810037528;0;07/01/2019;0.00;447.21
18198912000266;2810037528;0;08/01/2019;0.00;328.74
18198912000266;2810037528;0;09/01/2019;0.00;371.22
18198912000266;2810037528;0;10/01/2019;0.00;187.00
18198912000266;2810037528;0;11/01/2019;0.00;7.49
18198912000266;2810037528;0;12/01/2019;0.00;327.32
18198912000266;2810037528;0;13/01/2019;0.00;259.88
18198912000266;2810037528;0;14/01/2019;0.00;150.00
18198912000266;2810037528;0;15/01/2019;0.00;351.56
18198912000266;2810037528;0;16/01/2019;0.00;307.03
18198912000266;2810037528;0;17/01/2019;0.00;302.61
18198912000266;2810037528;0;18/01/2019;0.00;214.52
18198912000266;2810037528;0;19/01/2019;0.00;511.79
18198912000266;2810037528;0;20/01/2019;0.00;165.15
18198912000266;2810037528;0;21/01/2019;0.00;368.01
18198912000266;2810037528;0;22/01/2019;0.00;600.98
18198912000266;2810037528;0;23/01/2019;0.00;165.99
18198912000266;2810037528;0;24/01/2019;0.00;378.93
18198912000266;2810037528;0;25/01/2019;0.00;162.98
18198912000266;2810037528;0;26/01/2019;0.00;509.11
18198912000266;2810037528;0;27/01/2019;0.00;337.00
18198912000266;2810037528;0;28/01/2019;0.00;423.40
18198912000266;2810037528;0;29/01/2019;0.00;139.91
18198912000266;2810037528;0;30/01/2019;0.00;34.99
18198912000266;2810037528;0;31/01/2019;0.00;748.18
28538672000174;2810038109;0;01/01/2019;0.00;115.60
28538672000174;2810038109;0;02/01/2019;0.00;140.50
28538672000174;2810038109;0;03/01/2019;0.00;76.70
28538672000174;2810038109;0;04/01/2019;0.00;53.80
28538672000174;2810038109;0;05/01/2019;0.00;75.00
28538672000174;2810038109;0;07/01/2019;0.00;50.80
28538672000174;2810038109;0;08/01/2019;0.00;54.80
28538672000174;2810038109;0;10/01/2019;0.00;107.70
28538672000174;2810038109;0;14/01/2019;0.00;27.90
28538672000174;2810038109;0;15/01/2019;0.00;157.28
28538672000174;2810038109;0;16/01/2019;0.00;85.09
28538672000174;2810038109;0;17/01/2019;0.00;245.31
28538672000174;2810038109;0;18/01/2019;0.00;127.80
28538672000174;2810038109;0;20/01/2019;0.00;50.00
28538672000174;2810038109;0;21/01/2019;0.00;27.00
28538672000174;2810038109;0;22/01/2019;0.00;54.50
28538672000174;2810038109;0;25/01/2019;0.00;27.90
28538672000174;2810038109;0;27/01/2019;0.00;147.50
28538672000174;2810038109;0;30/01/2019;0.00;96.70
28538672000174;2810038109;0;31/01/2019;0.00;27.90
28538446000193;2810038117;0;01/01/2019;0.00;261.78
28538446000193;2810038117;0;02/01/2019;0.00;29.49
28538446000193;2810038117;0;03/01/2019;0.00;7.00
28538446000193;2810038117;0;04/01/2019;0.00;185.35
28538446000193;2810038117;0;05/01/2019;0.00;119.60
28538446000193;2810038117;0;06/01/2019;0.00;105.56
28538446000193;2810038117;0;07/01/2019;0.00;71.98
28538446000193;2810038117;0;08/01/2019;0.00;6.00
28538446000193;2810038117;0;09/01/2019;0.00;46.73
28538446000193;2810038117;0;15/01/2019;0.00;156.34
28538446000193;2810038117;0;16/01/2019;0.00;56.00
28538446000193;2810038117;0;17/01/2019;0.00;5.92
28538446000193;2810038117;0;19/01/2019;0.00;61.00
28538446000193;2810038117;0;20/01/2019;0.00;136.68
28538446000193;2810038117;0;21/01/2019;0.00;37.85
28538446000193;2810038117;0;22/01/2019;0.00;222.38
28538446000193;2810038117;0;25/01/2019;0.00;49.00
28538446000193;2810038117;0;27/01/2019;0.00;30.96
28538446000193;2810038117;0;31/01/2019;0.00;14.35
 